0 0.0589622641509434 0.39285714285714285 0.01650943396226415 0.029411764705882353
0 0.03419811320754717 0.41386554621848737 0.01179245283018868 0.025210084033613446
0 0.06485849056603774 0.4474789915966387 0.012971698113207548 0.025210084033613446
0 0.07429245283018868 0.20168067226890757 0.014150943396226415 0.029411764705882353
0 0.09198113207547169 0.296218487394958 0.015330188679245283 0.029411764705882353
0 0.13561320754716982 0.23949579831932774 0.01768867924528302 0.04201680672268908
0 0.1721698113207547 0.09243697478991597 0.015330188679245283 0.031512605042016806
0 0.2028301886792453 0.23319327731092437 0.020047169811320754 0.04411764705882353
0 0.1391509433962264 0.30462184873949577 0.015330188679245283 0.03361344537815126
0 0.25943396226415094 0.21218487394957983 0.020047169811320754 0.03571428571428571
0 0.22995283018867924 0.0819327731092437 0.01650943396226415 0.029411764705882353
0 0.29952830188679247 0.18907563025210083 0.02358490566037736 0.03571428571428571
0 0.2818396226415094 0.25840336134453784 0.02358490566037736 0.031512605042016806
0 0.37735849056603776 0.20588235294117646 0.018867924528301886 0.029411764705882353
0 0.45990566037735847 0.10294117647058823 0.014150943396226415 0.025210084033613446
0 0.3938679245283019 0.27521008403361347 0.014150943396226415 0.031512605042016806
0 0.38443396226415094 0.35714285714285715 0.01768867924528302 0.03991596638655462
0 0.34787735849056606 0.35084033613445376 0.01650943396226415 0.029411764705882353
0 0.29245283018867924 0.38445378151260506 0.01179245283018868 0.031512605042016806
0 0.20754716981132076 0.36764705882352944 0.015330188679245283 0.0273109243697479
0 0.3714622641509434 0.27941176470588236 0.014150943396226415 0.0273109243697479
0 0.49056603773584906 0.2668067226890756 0.012971698113207548 0.02100840336134454
0 0.5247641509433962 0.19117647058823528 0.014150943396226415 0.02100840336134454
0 0.5589622641509434 0.13445378151260504 0.018867924528301886 0.029411764705882353
0 0.4658018867924528 0.014705882352941176 0.01179245283018868 0.029411764705882353
0 0.6721698113207547 0.09033613445378151 0.014150943396226415 0.031512605042016806
0 0.8679245283018868 0.10294117647058823 0.018867924528301886 0.037815126050420166
0 0.8290094339622641 0.18487394957983194 0.02358490566037736 0.029411764705882353
0 0.7464622641509434 0.15966386554621848 0.014150943396226415 0.031512605042016806
0 0.9905660377358491 0.36764705882352944 0.020047169811320754 0.03571428571428571
0 0.9740566037735849 0.43907563025210083 0.018867924528301886 0.03571428571428571
0 0.9257075471698113 0.5252100840336135 0.01768867924528302 0.025210084033613446
0 0.9445754716981132 0.5357142857142857 0.01650943396226415 0.03361344537815126
0 0.9917452830188679 0.5336134453781513 0.01768867924528302 0.03361344537815126
0 0.9091981132075472 0.6911764705882353 0.02122641509433962 0.03991596638655462
0 0.9233490566037735 0.5756302521008403 0.02122641509433962 0.03361344537815126
0 0.9469339622641509 0.7794117647058824 0.014150943396226415 0.0273109243697479
0 0.8030660377358491 0.842436974789916 0.02122641509433962 0.0273109243697479
0 0.7712264150943396 0.930672268907563 0.018867924528301886 0.03571428571428571
0 0.7558962264150944 0.9810924369747899 0.01650943396226415 0.03361344537815126
0 0.9551886792452831 0.8886554621848739 0.014150943396226415 0.031512605042016806
0 0.9280660377358491 0.5987394957983193 0.01179245283018868 0.0273109243697479
0 0.49292452830188677 0.1638655462184874 0.015330188679245283 0.02100840336134454
0 0.5389150943396226 0.21638655462184875 0.014150943396226415 0.0273109243697479
0 0.6120283018867925 0.33403361344537813 0.012971698113207548 0.0273109243697479
0 0.6073113207547169 0.40336134453781514 0.015330188679245283 0.037815126050420166
0 0.5011792452830188 0.39915966386554624 0.020047169811320754 0.031512605042016806
0 0.28891509433962265 0.5189075630252101 0.012971698113207548 0.03571428571428571
0 0.27476415094339623 0.6008403361344538 0.02122641509433962 0.03571428571428571
0 0.09198113207547169 0.5273109243697479 0.020047169811320754 0.031512605042016806
0 0.01768867924528302 0.6554621848739496 0.018867924528301886 0.046218487394957986
0 0.01179245283018868 0.7563025210084033 0.02122641509433962 0.037815126050420166
0 0.25707547169811323 0.6491596638655462 0.015330188679245283 0.03571428571428571
0 0.32075471698113206 0.634453781512605 0.01650943396226415 0.031512605042016806
0 0.25707547169811323 0.7163865546218487 0.018867924528301886 0.03361344537815126
0 0.16981132075471697 0.7941176470588235 0.025943396226415096 0.03571428571428571
0 0.0695754716981132 0.8361344537815126 0.01650943396226415 0.023109243697478993
0 0.027122641509433963 0.8571428571428571 0.01768867924528302 0.03571428571428571
0 0.031839622641509434 0.9369747899159664 0.01768867924528302 0.03991596638655462
0 0.03419811320754717 0.976890756302521 0.01650943396226415 0.046218487394957986
0 0.3738207547169811 0.9264705882352942 0.02240566037735849 0.03571428571428571
0 0.2134433962264151 0.9516806722689075 0.02358490566037736 0.03361344537815126
0 0.14858490566037735 0.8529411764705882 0.02830188679245283 0.04201680672268908
0 0.4068396226415094 0.8970588235294118 0.02122641509433962 0.03361344537815126
0 0.5212264150943396 0.8739495798319328 0.027122641509433963 0.04201680672268908
0 0.10377358490566038 0.34243697478991597 0.014150943396226415 0.025210084033613446
0 0.8573113207547169 0.8781512605042017 0.01650943396226415 0.0273109243697479
0 0.8879716981132075 0.9138655462184874 0.015330188679245283 0.0273109243697479
0 0.2783018867924528 0.726890756302521 0.014150943396226415 0.03571428571428571
0 0.6898584905660378 0.6197478991596639 0.020047169811320754 0.029411764705882353
0 0.13561320754716982 0.773109243697479 0.018867924528301886 0.029411764705882353
0 0.9716981132075472 0.8382352941176471 0.015330188679245283 0.029411764705882353
