0 0.07193396226415094 0.36764705882352944 0.014150943396226415 0.0273109243697479
0 0.05070754716981132 0.4222689075630252 0.01768867924528302 0.031512605042016806
0 0.12028301886792453 0.4096638655462185 0.02358490566037736 0.031512605042016806
0 0.12382075471698113 0.45168067226890757 0.020047169811320754 0.046218487394957986
0 0.19221698113207547 0.45168067226890757 0.01768867924528302 0.03361344537815126
0 0.21108490566037735 0.3445378151260504 0.01768867924528302 0.029411764705882353
0 0.10966981132075472 0.6134453781512605 0.01650943396226415 0.046218487394957986
0 0.08608490566037735 0.6596638655462185 0.015330188679245283 0.031512605042016806
0 0.01061320754716981 0.8109243697478992 0.02122641509433962 0.031512605042016806
0 0.041273584905660375 0.9012605042016807 0.02358490566037736 0.04201680672268908
0 0.11438679245283019 0.8382352941176471 0.02240566037735849 0.031512605042016806
0 0.2016509433962264 0.8151260504201681 0.01768867924528302 0.03571428571428571
0 0.46108490566037735 0.7563025210084033 0.02122641509433962 0.03571428571428571
0 0.4834905660377358 0.8718487394957983 0.01768867924528302 0.025210084033613446
