0 0.9858490566037735 0.01680672268907563 0.020047169811320754 0.03571428571428571
0 0.8785377358490566 0.01680672268907563 0.02240566037735849 0.03571428571428571
0 0.9209905660377359 0.08403361344537816 0.018867924528301886 0.03571428571428571
0 0.9705188679245284 0.06092436974789916 0.015330188679245283 0.03571428571428571
0 0.9634433962264151 0.13025210084033614 0.01768867924528302 0.04411764705882353
0 0.9457547169811321 0.14915966386554622 0.01768867924528302 0.031512605042016806
0 0.9139150943396226 0.12605042016806722 0.018867924528301886 0.029411764705882353
0 0.8985849056603774 0.16176470588235295 0.02122641509433962 0.031512605042016806
0 0.9304245283018868 0.18487394957983194 0.01650943396226415 0.023109243697478993
0 0.9752358490566038 0.18277310924369747 0.015330188679245283 0.03361344537815126
0 0.9941037735849056 0.1953781512605042 0.01179245283018868 0.031512605042016806
0 0.9551886792452831 0.23319327731092437 0.01768867924528302 0.023109243697478993
0 0.9316037735849056 0.25210084033613445 0.01650943396226415 0.0273109243697479
0 0.9870283018867925 0.23109243697478993 0.01768867924528302 0.0273109243697479
0 0.9705188679245284 0.2857142857142857 0.020047169811320754 0.03571428571428571
0 0.9917452830188679 0.3172268907563025 0.01768867924528302 0.03361344537815126
0 0.9292452830188679 0.3277310924369748 0.012971698113207548 0.0273109243697479
0 0.9587264150943396 0.35294117647058826 0.01768867924528302 0.029411764705882353
0 0.9198113207547169 0.39285714285714285 0.020047169811320754 0.029411764705882353
0 0.9469339622641509 0.40756302521008403 0.01768867924528302 0.03571428571428571
0 0.9445754716981132 0.453781512605042 0.01768867924528302 0.0273109243697479
0 0.9540094339622641 0.5 0.015330188679245283 0.023109243697478993
0 0.902122641509434 0.4852941176470588 0.012971698113207548 0.023109243697478993
0 0.8466981132075472 0.06932773109243698 0.01768867924528302 0.03361344537815126
0 0.8278301886792453 0.1092436974789916 0.01061320754716981 0.0273109243697479
0 0.8007075471698113 0.07142857142857142 0.015330188679245283 0.03361344537815126
0 0.7629716981132075 0.07983193277310924 0.020047169811320754 0.03571428571428571
0 0.785377358490566 0.10504201680672269 0.012971698113207548 0.031512605042016806
0 0.7794811320754716 0.18907563025210083 0.02240566037735849 0.03571428571428571
0 0.7641509433962265 0.20588235294117646 0.01768867924528302 0.031512605042016806
0 0.8018867924528302 0.23529411764705882 0.014150943396226415 0.031512605042016806
0 0.7606132075471698 0.2668067226890756 0.020047169811320754 0.031512605042016806
0 0.6709905660377359 0.023109243697478993 0.018867924528301886 0.046218487394957986
0 0.37971698113207547 0.02100840336134454 0.018867924528301886 0.031512605042016806
0 0.3584905660377358 0.09453781512605042 0.024764150943396228 0.031512605042016806
0 0.375 0.1134453781512605 0.024764150943396228 0.03571428571428571
0 0.5094339622641509 0.0273109243697479 0.027122641509433963 0.052521008403361345
0 0.5601415094339622 0.04411764705882353 0.014150943396226415 0.029411764705882353
0 0.4834905660377358 0.19117647058823528 0.02122641509433962 0.04201680672268908
0 0.5047169811320755 0.20798319327731093 0.014150943396226415 0.023109243697478993
0 0.5318396226415094 0.1953781512605042 0.012971698113207548 0.018907563025210083
0 0.5813679245283019 0.19957983193277312 0.014150943396226415 0.023109243697478993
0 0.6061320754716981 0.23319327731092437 0.01179245283018868 0.023109243697478993
0 0.6367924528301887 0.20168067226890757 0.01179245283018868 0.025210084033613446
0 0.6297169811320755 0.23109243697478993 0.014150943396226415 0.023109243697478993
0 0.6037735849056604 0.3172268907563025 0.01650943396226415 0.03571428571428571
0 0.6143867924528302 0.3760504201680672 0.01650943396226415 0.025210084033613446
0 0.35259433962264153 0.2415966386554622 0.01061320754716981 0.01680672268907563
0 0.33490566037735847 0.39285714285714285 0.009433962264150943 0.02100840336134454
0 0.32547169811320753 0.43487394957983194 0.01061320754716981 0.014705882352941176
0 0.14386792452830188 0.8340336134453782 0.01650943396226415 0.037815126050420166
0 0.419811320754717 0.9642857142857143 0.02240566037735849 0.031512605042016806
0 0.38207547169811323 0.8928571428571429 0.01650943396226415 0.03571428571428571
0 0.3714622641509434 0.7941176470588235 0.01768867924528302 0.031512605042016806
0 0.26297169811320753 0.9747899159663865 0.02358490566037736 0.03571428571428571
0 0.45047169811320753 0.9852941176470589 0.01650943396226415 0.0273109243697479
0 0.4811320754716981 0.9810924369747899 0.014150943396226415 0.023109243697478993
0 0.7429245283018868 0.2920168067226891 0.015330188679245283 0.031512605042016806
0 0.7464622641509434 0.35714285714285715 0.012971698113207548 0.02100840336134454
0 0.7629716981132075 0.3088235294117647 0.01179245283018868 0.025210084033613446
0 0.7700471698113207 0.34243697478991597 0.015330188679245283 0.025210084033613446
0 0.7912735849056604 0.2815126050420168 0.012971698113207548 0.023109243697478993
0 0.7936320754716981 0.31092436974789917 0.012971698113207548 0.02100840336134454
0 0.7959905660377359 0.37815126050420167 0.015330188679245283 0.02100840336134454
0 0.7417452830188679 0.43487394957983194 0.01650943396226415 0.0273109243697479
0 0.7134433962264151 0.4810924369747899 0.01179245283018868 0.02100840336134454
0 0.7476415094339622 0.49159663865546216 0.01768867924528302 0.0273109243697479
0 0.7193396226415094 0.49789915966386555 0.012971698113207548 0.023109243697478993
0 0.7617924528301887 0.5189075630252101 0.012971698113207548 0.018907563025210083
0 0.8242924528301887 0.4852941176470588 0.01650943396226415 0.02100840336134454
0 0.7665094339622641 0.3949579831932773 0.01179245283018868 0.01680672268907563
0 0.7617924528301887 0.5525210084033614 0.009433962264150943 0.014705882352941176
0 0.7205188679245284 0.5903361344537815 0.01061320754716981 0.02100840336134454
0 0.7676886792452831 0.6134453781512605 0.008254716981132075 0.014705882352941176
0 0.7382075471698113 0.6764705882352942 0.01179245283018868 0.023109243697478993
0 0.7865566037735849 0.6764705882352942 0.007075471698113208 0.01680672268907563
0 0.8514150943396226 0.41386554621848737 0.01179245283018868 0.023109243697478993
0 0.8797169811320755 0.4474789915966387 0.01061320754716981 0.018907563025210083
0 0.8761792452830188 0.35714285714285715 0.01061320754716981 0.018907563025210083
0 0.8879716981132075 0.3865546218487395 0.009433962264150943 0.014705882352941176
0 0.8867924528301887 0.2920168067226891 0.01179245283018868 0.02100840336134454
0 0.9316037735849056 0.2857142857142857 0.01650943396226415 0.029411764705882353
0 0.8714622641509434 0.20798319327731093 0.01179245283018868 0.018907563025210083
0 0.8525943396226415 0.523109243697479 0.014150943396226415 0.02100840336134454
0 0.8950471698113207 0.5315126050420168 0.020047169811320754 0.023109243697478993
0 0.9257075471698113 0.5126050420168067 0.012971698113207548 0.01680672268907563
0 0.8242924528301887 0.5504201680672269 0.014150943396226415 0.01680672268907563
0 0.8455188679245284 0.5609243697478992 0.01061320754716981 0.025210084033613446
0 0.8667452830188679 0.5630252100840336 0.012971698113207548 0.023109243697478993
0 0.8455188679245284 0.6092436974789915 0.012971698113207548 0.029411764705882353
0 0.9091981132075472 0.6407563025210085 0.015330188679245283 0.023109243697478993
0 0.9445754716981132 0.6323529411764706 0.015330188679245283 0.029411764705882353
0 0.9457547169811321 0.5840336134453782 0.01179245283018868 0.02100840336134454
0 0.9858490566037735 0.5756302521008403 0.01650943396226415 0.031512605042016806
0 0.9681603773584906 0.5945378151260504 0.012971698113207548 0.02100840336134454
0 0.8537735849056604 0.47689075630252103 0.012971698113207548 0.018907563025210083
0 0.8325471698113207 0.4411764705882353 0.015330188679245283 0.023109243697478993
0 0.9375 0.34663865546218486 0.014150943396226415 0.02100840336134454
0 0.7523584905660378 0.7626050420168067 0.01179245283018868 0.025210084033613446
0 0.7264150943396226 0.7142857142857143 0.014150943396226415 0.023109243697478993
0 0.7299528301886793 0.7626050420168067 0.01650943396226415 0.02100840336134454
0 0.777122641509434 0.726890756302521 0.01650943396226415 0.031512605042016806
0 0.8148584905660378 0.7457983193277311 0.015330188679245283 0.031512605042016806
0 0.8537735849056604 0.7289915966386554 0.01768867924528302 0.029411764705882353
0 0.8867924528301887 0.7457983193277311 0.012971698113207548 0.0273109243697479
0 0.9316037735849056 0.6827731092436975 0.01768867924528302 0.031512605042016806
0 0.9528301886792453 0.7184873949579832 0.020047169811320754 0.02100840336134454
0 0.9823113207547169 0.680672268907563 0.018867924528301886 0.0273109243697479
0 0.7452830188679245 0.8361344537815126 0.01650943396226415 0.0273109243697479
0 0.7075471698113207 0.8802521008403361 0.02240566037735849 0.025210084033613446
0 0.7346698113207547 0.9012605042016807 0.015330188679245283 0.018907563025210083
0 0.7169811320754716 0.9264705882352942 0.018867924528301886 0.023109243697478993
0 0.7971698113207547 0.9054621848739496 0.018867924528301886 0.025210084033613446
0 0.8313679245283019 0.9117647058823529 0.01768867924528302 0.023109243697478993
0 0.8313679245283019 0.8445378151260504 0.01650943396226415 0.029411764705882353
0 0.8632075471698113 0.8550420168067226 0.015330188679245283 0.029411764705882353
0 0.8962264150943396 0.8508403361344538 0.01768867924528302 0.0273109243697479
0 0.8738207547169812 0.9159663865546218 0.015330188679245283 0.023109243697478993
0 0.9445754716981132 0.8676470588235294 0.01650943396226415 0.029411764705882353
0 0.8691037735849056 0.7857142857142857 0.01768867924528302 0.025210084033613446
0 0.9905660377358491 0.7983193277310925 0.020047169811320754 0.0273109243697479
0 0.9658018867924528 0.7752100840336135 0.01768867924528302 0.029411764705882353
0 0.9457547169811321 0.7794117647058824 0.014150943396226415 0.03361344537815126
0 0.9893867924528302 0.9663865546218487 0.018867924528301886 0.037815126050420166
0 0.9115566037735849 0.9831932773109243 0.020047169811320754 0.031512605042016806
0 0.8997641509433962 0.9810924369747899 0.01061320754716981 0.029411764705882353
0 0.8632075471698113 0.9810924369747899 0.01650943396226415 0.031512605042016806
0 0.8950471698113207 0.8151260504201681 0.01768867924528302 0.029411764705882353
0 0.8042452830188679 0.3319327731092437 0.012971698113207548 0.018907563025210083
