0 0.08490566037735849 0.11554621848739496 0.02122641509433962 0.031512605042016806
0 0.07429245283018868 0.018907563025210083 0.01650943396226415 0.037815126050420166
0 0.0294811320754717 0.2920168067226891 0.018867924528301886 0.03571428571428571
0 0.09551886792452831 0.5315126050420168 0.020047169811320754 0.046218487394957986
0 0.030660377358490566 0.6113445378151261 0.02122641509433962 0.025210084033613446
0 0.04363207547169811 0.6512605042016807 0.025943396226415096 0.04201680672268908
0 0.11910377358490566 0.542016806722689 0.020047169811320754 0.037815126050420166
0 0.2429245283018868 0.3403361344537815 0.015330188679245283 0.03571428571428571
0 0.4080188679245283 0.15126050420168066 0.01768867924528302 0.031512605042016806
0 0.27358490566037735 0.07142857142857142 0.01768867924528302 0.03361344537815126
0 0.24528301886792453 0.025210084033613446 0.020047169811320754 0.029411764705882353
0 0.42806603773584906 0.07563025210084033 0.025943396226415096 0.04411764705882353
0 0.47641509433962265 0.1323529411764706 0.02358490566037736 0.03361344537815126
0 0.4339622641509434 0.10294117647058823 0.014150943396226415 0.029411764705882353
0 0.5849056603773585 0.27521008403361347 0.01179245283018868 0.031512605042016806
0 0.22877358490566038 0.3949579831932773 0.01179245283018868 0.025210084033613446
0 0.6768867924528302 0.9285714285714286 0.024764150943396228 0.03361344537815126
0 0.6721698113207547 0.976890756302521 0.02358490566037736 0.037815126050420166
0 0.5412735849056604 0.6008403361344538 0.01650943396226415 0.03361344537815126
0 0.6556603773584906 0.6617647058823529 0.01650943396226415 0.031512605042016806
0 0.6155660377358491 0.6554621848739496 0.02122641509433962 0.037815126050420166
0 0.5919811320754716 0.6743697478991597 0.024764150943396228 0.0273109243697479
0 0.45990566037735847 0.5756302521008403 0.027122641509433963 0.03361344537815126
