0 0.4988207547169811 0.18067226890756302 0.01650943396226415 0.031512605042016806
0 0.3466981132075472 0.18487394957983194 0.020047169811320754 0.04411764705882353
0 0.6827830188679245 0.19327731092436976 0.024764150943396228 0.037815126050420166
0 0.49528301886792453 0.20798319327731093 0.01061320754716981 0.023109243697478993
0 0.5955188679245284 0.28781512605042014 0.01061320754716981 0.018907563025210083
0 0.5507075471698113 0.3025210084033613 0.01768867924528302 0.023109243697478993
0 0.6025943396226415 0.26260504201680673 0.01179245283018868 0.02100840336134454
0 0.6025943396226415 0.6680672268907563 0.014150943396226415 0.029411764705882353
0 0.6320754716981132 0.6617647058823529 0.012971698113207548 0.025210084033613446
0 0.419811320754717 0.8130252100840336 0.01768867924528302 0.029411764705882353
0 0.4363207547169811 0.8613445378151261 0.01650943396226415 0.02100840336134454
0 0.5283018867924528 0.8130252100840336 0.01768867924528302 0.025210084033613446
0 0.6356132075471698 0.6008403361344538 0.009433962264150943 0.01680672268907563
0 0.6851415094339622 0.634453781512605 0.009433962264150943 0.014705882352941176
0 0.47877358490566035 0.19747899159663865 0.009433962264150943 0.02100840336134454
0 0.7558962264150944 0.8571428571428571 0.01650943396226415 0.029411764705882353
0 0.7688679245283019 0.7668067226890757 0.01650943396226415 0.029411764705882353
0 0.7535377358490566 0.7962184873949579 0.014150943396226415 0.029411764705882353
0 0.777122641509434 0.8235294117647058 0.012971698113207548 0.029411764705882353
0 0.9316037735849056 0.9411764705882353 0.012971698113207548 0.025210084033613446
0 0.9481132075471698 0.7752100840336135 0.015330188679245283 0.029411764705882353
0 0.9693396226415094 0.8025210084033614 0.014150943396226415 0.025210084033613446
0 0.9209905660377359 0.7310924369747899 0.01650943396226415 0.029411764705882353
0 0.9139150943396226 0.7647058823529411 0.012971698113207548 0.031512605042016806
0 0.8974056603773585 0.6449579831932774 0.01650943396226415 0.02100840336134454
0 0.9610849056603774 0.5882352941176471 0.01179245283018868 0.0273109243697479
0 0.7653301886792453 0.30462184873949577 0.009433962264150943 0.025210084033613446
0 0.8066037735849056 0.27310924369747897 0.01061320754716981 0.018907563025210083
0 0.8856132075471698 0.2668067226890756 0.01650943396226415 0.025210084033613446
0 0.9009433962264151 0.24369747899159663 0.012971698113207548 0.018907563025210083
0 0.9139150943396226 0.20798319327731093 0.01650943396226415 0.0273109243697479
0 0.9516509433962265 0.21218487394957983 0.014150943396226415 0.023109243697478993
0 0.6768867924528302 0.25 0.014150943396226415 0.018907563025210083
0 0.8785377358490566 0.5672268907563025 0.012971698113207548 0.031512605042016806
0 0.9363207547169812 0.8088235294117647 0.01768867924528302 0.025210084033613446
0 0.35023584905660377 0.8886554621848739 0.01650943396226415 0.029411764705882353
0 0.3431603773584906 0.37815126050420167 0.01768867924528302 0.0273109243697479
0 0.7358490566037735 0.5966386554621849 0.02122641509433962 0.025210084033613446
0 0.6544811320754716 0.6680672268907563 0.020047169811320754 0.02100840336134454
0 0.8384433962264151 0.5777310924369747 0.014150943396226415 0.025210084033613446
0 0.8195754716981132 0.5987394957983193 0.015330188679245283 0.025210084033613446
0 0.7099056603773585 0.34243697478991597 0.018867924528301886 0.031512605042016806
