0 0.722877358490566 0.08403361344537816 0.015330188679245283 0.0273109243697479
0 0.6898584905660378 0.10504201680672269 0.015330188679245283 0.025210084033613446
0 0.6969339622641509 0.18067226890756302 0.015330188679245283 0.03571428571428571
0 0.8584905660377359 0.018907563025210083 0.020047169811320754 0.029411764705882353
0 0.9056603773584906 0.052521008403361345 0.025943396226415096 0.03571428571428571
0 0.8726415094339622 0.23529411764705882 0.020047169811320754 0.023109243697478993
0 0.8667452830188679 0.2668067226890756 0.025943396226415096 0.03571428571428571
0 0.8372641509433962 0.2920168067226891 0.015330188679245283 0.031512605042016806
0 0.01061320754716981 0.12815126050420167 0.02240566037735849 0.0273109243697479
0 0.024764150943396228 0.25 0.020047169811320754 0.0273109243697479
0 0.008254716981132075 0.2605042016806723 0.012971698113207548 0.031512605042016806
0 0.008254716981132075 0.657563025210084 0.014150943396226415 0.0273109243697479
0 0.01179245283018868 0.5819327731092437 0.015330188679245283 0.0273109243697479
0 0.04481132075471698 0.5903361344537815 0.01768867924528302 0.029411764705882353
0 0.09669811320754718 0.5294117647058824 0.01650943396226415 0.03361344537815126
0 0.0695754716981132 0.5294117647058824 0.01768867924528302 0.0273109243697479
0 0.031839622641509434 0.7605042016806722 0.018867924528301886 0.03571428571428571
0 0.01650943396226415 0.9201680672268907 0.015330188679245283 0.031512605042016806
0 0.008254716981132075 0.9222689075630253 0.01650943396226415 0.025210084033613446
0 0.5400943396226415 0.20168067226890757 0.020047169811320754 0.03571428571428571
0 0.5742924528301887 0.20588235294117646 0.014150943396226415 0.03571428571428571
0 0.5235849056603774 0.029411764705882353 0.01768867924528302 0.029411764705882353
0 0.5554245283018868 0.3004201680672269 0.018867924528301886 0.03991596638655462
0 0.9056603773584906 0.5210084033613446 0.02240566037735849 0.0273109243697479
0 0.777122641509434 0.6197478991596639 0.014150943396226415 0.025210084033613446
0 0.7912735849056604 0.6785714285714286 0.01650943396226415 0.031512605042016806
0 0.6780660377358491 0.657563025210084 0.02358490566037736 0.0273109243697479
0 0.7995283018867925 0.9390756302521008 0.012971698113207548 0.023109243697478993
0 0.8207547169811321 0.9348739495798319 0.007075471698113208 0.018907563025210083
0 0.8466981132075472 0.9516806722689075 0.012971698113207548 0.025210084033613446
0 0.7995283018867925 0.8361344537815126 0.012971698113207548 0.023109243697478993
0 0.14858490566037735 0.4957983193277311 0.01768867924528302 0.03571428571428571
0 0.294811320754717 0.5315126050420168 0.018867924528301886 0.031512605042016806
0 0.27712264150943394 0.7100840336134454 0.018867924528301886 0.037815126050420166
0 0.2665094339622642 0.7584033613445378 0.025943396226415096 0.03361344537815126
0 0.3431603773584906 0.907563025210084 0.02122641509433962 0.037815126050420166
0 0.2794811320754717 0.8130252100840336 0.015330188679245283 0.018907563025210083
0 0.23349056603773585 0.865546218487395 0.020047169811320754 0.031512605042016806
0 0.36792452830188677 0.9516806722689075 0.012971698113207548 0.02100840336134454
0 0.3891509433962264 0.9621848739495799 0.014150943396226415 0.018907563025210083
0 0.25589622641509435 0.5651260504201681 0.01768867924528302 0.029411764705882353
0 0.6120283018867925 0.9852941176470589 0.01650943396226415 0.029411764705882353
0 0.5754716981132075 0.7941176470588235 0.02240566037735849 0.037815126050420166
0 0.5801886792452831 0.7247899159663865 0.015330188679245283 0.029411764705882353
0 0.0589622641509434 0.8466386554621849 0.015330188679245283 0.029411764705882353
0 0.049528301886792456 0.907563025210084 0.015330188679245283 0.02100840336134454
0 0.07429245283018868 0.8907563025210085 0.012971698113207548 0.02100840336134454
0 0.07783018867924528 0.8004201680672269 0.015330188679245283 0.023109243697478993
0 0.6709905660377359 0.8865546218487395 0.014150943396226415 0.025210084033613446
0 0.6875 0.9474789915966386 0.01650943396226415 0.031512605042016806
0 0.5058962264150944 0.9789915966386554 0.015330188679245283 0.0273109243697479
0 0.3867924528301887 0.22058823529411764 0.02358490566037736 0.0273109243697479
