0 0.020047169811320754 0.09033613445378151 0.02358490566037736 0.04201680672268908
0 0.054245283018867926 0.10714285714285714 0.02122641509433962 0.0273109243697479
0 0.03773584905660377 0.5336134453781513 0.014150943396226415 0.02100840336134454
0 0.7995283018867925 0.06092436974789916 0.015330188679245283 0.023109243697478993
0 0.28537735849056606 0.22478991596638656 0.014150943396226415 0.0273109243697479
0 0.31721698113207547 0.2689075630252101 0.01179245283018868 0.023109243697478993
0 0.2830188679245283 0.39915966386554624 0.01650943396226415 0.03361344537815126
0 0.3290094339622642 0.39705882352941174 0.012971698113207548 0.025210084033613446
0 0.3278301886792453 0.44537815126050423 0.018867924528301886 0.03571428571428571
0 0.419811320754717 0.4894957983193277 0.012971698113207548 0.02100840336134454
0 0.46226415094339623 0.4222689075630252 0.015330188679245283 0.025210084033613446
0 0.44339622641509435 0.5252100840336135 0.01650943396226415 0.029411764705882353
0 0.2653301886792453 0.657563025210084 0.01768867924528302 0.023109243697478993
0 0.21816037735849056 0.7184873949579832 0.014150943396226415 0.02100840336134454
0 0.06132075471698113 0.6932773109243697 0.01179245283018868 0.018907563025210083
0 0.06839622641509434 0.7247899159663865 0.01179245283018868 0.01680672268907563
0 0.07075471698113207 0.7794117647058824 0.007075471698113208 0.02100840336134454
0 0.08490566037735849 0.8319327731092437 0.015330188679245283 0.029411764705882353
0 0.1179245283018868 0.8718487394957983 0.014150943396226415 0.025210084033613446
0 0.15683962264150944 0.9054621848739496 0.014150943396226415 0.023109243697478993
0 0.18278301886792453 0.9264705882352942 0.01179245283018868 0.02100840336134454
0 0.31014150943396224 0.680672268907563 0.015330188679245283 0.0273109243697479
0 0.36674528301886794 0.7121848739495799 0.009433962264150943 0.02100840336134454
0 0.2617924528301887 0.7605042016806722 0.012971698113207548 0.018907563025210083
0 0.3384433962264151 0.8151260504201681 0.014150943396226415 0.025210084033613446
0 0.38443396226415094 0.9012605042016807 0.015330188679245283 0.025210084033613446
0 0.38325471698113206 0.8487394957983193 0.01061320754716981 0.018907563025210083
0 0.5389150943396226 0.930672268907563 0.01650943396226415 0.025210084033613446
0 0.527122641509434 0.8487394957983193 0.01179245283018868 0.02100840336134454
0 0.49410377358490565 0.9873949579831933 0.01179245283018868 0.02100840336134454
0 0.5884433962264151 0.9873949579831933 0.012971698113207548 0.023109243697478993
0 0.6143867924528302 0.7710084033613446 0.012971698113207548 0.0273109243697479
0 0.8667452830188679 0.819327731092437 0.01768867924528302 0.025210084033613446
0 0.9233490566037735 0.8592436974789915 0.01768867924528302 0.025210084033613446
0 0.9858490566037735 0.8235294117647058 0.01768867924528302 0.0273109243697479
0 0.21108490566037735 0.9789915966386554 0.015330188679245283 0.02100840336134454
0 0.4658018867924528 0.9390756302521008 0.018867924528301886 0.025210084033613446
0 0.47523584905660377 0.9873949579831933 0.01650943396226415 0.0273109243697479
0 0.5412735849056604 0.7352941176470589 0.02240566037735849 0.025210084033613446
0 0.6320754716981132 0.24789915966386555 0.01650943396226415 0.031512605042016806
0 0.6320754716981132 0.3487394957983193 0.02122641509433962 0.025210084033613446
0 0.7040094339622641 0.1134453781512605 0.02122641509433962 0.0273109243697479
0 0.6639150943396226 0.13025210084033614 0.01768867924528302 0.025210084033613446
0 0.6344339622641509 0.09663865546218488 0.018867924528301886 0.0273109243697479
0 0.7712264150943396 0.20378151260504201 0.01650943396226415 0.025210084033613446
0 0.7830188679245284 0.16176470588235295 0.01061320754716981 0.0273109243697479
0 0.8018867924528302 0.23949579831932774 0.018867924528301886 0.029411764705882353
0 0.7783018867924528 0.3067226890756303 0.018867924528301886 0.031512605042016806
0 0.9693396226415094 0.32563025210084034 0.014150943396226415 0.029411764705882353
0 0.9127358490566038 0.42857142857142855 0.01768867924528302 0.029411764705882353
0 0.9551886792452831 0.12815126050420167 0.02122641509433962 0.029411764705882353
0 0.9658018867924528 0.018907563025210083 0.018867924528301886 0.037815126050420166
0 0.902122641509434 0.20168067226890757 0.01179245283018868 0.03361344537815126
0 0.6226415094339622 0.4726890756302521 0.01768867924528302 0.03571428571428571
0 0.6639150943396226 0.542016806722689 0.018867924528301886 0.031512605042016806
0 0.29009433962264153 0.10084033613445378 0.01768867924528302 0.02100840336134454
0 0.31014150943396224 0.1323529411764706 0.014150943396226415 0.023109243697478993
