0 0.47523584905660377 0.43067226890756305 0.009433962264150943 0.02100840336134454
0 0.5625 0.42436974789915966 0.01179245283018868 0.025210084033613446
0 0.6155660377358491 0.3760504201680672 0.015330188679245283 0.025210084033613446
0 0.597877358490566 0.3907563025210084 0.012971698113207548 0.025210084033613446
0 0.6792452830188679 0.3550420168067227 0.01650943396226415 0.023109243697478993
0 0.7063679245283019 0.31092436974789917 0.01179245283018868 0.018907563025210083
0 0.7311320754716981 0.28781512605042014 0.01179245283018868 0.025210084033613446
0 0.75 0.3907563025210084 0.014150943396226415 0.023109243697478993
0 0.7193396226415094 0.4957983193277311 0.01768867924528302 0.029411764705882353
0 0.7205188679245284 0.4264705882352941 0.01179245283018868 0.018907563025210083
0 0.7523584905660378 0.09663865546218488 0.012971698113207548 0.025210084033613446
0 0.8584905660377359 0.09033613445378151 0.012971698113207548 0.025210084033613446
0 0.8891509433962265 0.0546218487394958 0.01650943396226415 0.029411764705882353
0 0.8891509433962265 0.15336134453781514 0.014150943396226415 0.029411764705882353
0 0.8620283018867925 0.1953781512605042 0.01179245283018868 0.029411764705882353
0 0.8384433962264151 0.34663865546218486 0.01650943396226415 0.0273109243697479
0 0.8938679245283019 0.3004201680672269 0.014150943396226415 0.031512605042016806
0 0.8290094339622641 0.3025210084033613 0.01061320754716981 0.02100840336134454
0 0.9280660377358491 0.35084033613445376 0.015330188679245283 0.029411764705882353
0 0.9068396226415094 0.38445378151260506 0.012971698113207548 0.02100840336134454
0 0.9433962264150944 0.3760504201680672 0.014150943396226415 0.029411764705882353
0 0.9551886792452831 0.07352941176470588 0.01768867924528302 0.029411764705882353
0 0.9893867924528302 0.8907563025210085 0.02240566037735849 0.03571428571428571
0 0.9327830188679245 0.7647058823529411 0.02240566037735849 0.029411764705882353
0 0.9551886792452831 0.9537815126050421 0.020047169811320754 0.037815126050420166
0 0.9209905660377359 0.9726890756302521 0.01768867924528302 0.04201680672268908
0 0.49056603773584906 0.8739495798319328 0.015330188679245283 0.031512605042016806
0 0.49410377358490565 0.9138655462184874 0.027122641509433963 0.052521008403361345
0 0.4080188679245283 0.9537815126050421 0.025943396226415096 0.04201680672268908
0 0.3561320754716981 0.8025210084033614 0.014150943396226415 0.03361344537815126
0 0.22287735849056603 0.7878151260504201 0.02122641509433962 0.037815126050420166
0 0.3608490566037736 0.9810924369747899 0.020047169811320754 0.037815126050420166
0 0.9033018867924528 0.9810924369747899 0.014150943396226415 0.0273109243697479
0 0.8797169811320755 0.22268907563025211 0.015330188679245283 0.0273109243697479
0 0.7016509433962265 0.5756302521008403 0.018867924528301886 0.037815126050420166
0 0.6273584905660378 0.4957983193277311 0.01768867924528302 0.023109243697478993
0 0.5955188679245284 0.5 0.012971698113207548 0.01680672268907563
0 0.7570754716981132 0.7962184873949579 0.015330188679245283 0.0273109243697479
