0 0.36674528301886794 0.052083333333333336 0.01179245283018868 0.022916666666666665
0 0.28773584905660377 0.20625 0.01650943396226415 0.022916666666666665
0 0.25943396226415094 0.26458333333333334 0.015330188679245283 0.03125
0 0.4268867924528302 0.19166666666666668 0.014150943396226415 0.025
0 0.37028301886792453 0.18958333333333333 0.01179245283018868 0.022916666666666665
0 0.49056603773584906 0.21458333333333332 0.01179245283018868 0.022916666666666665
0 0.4988207547169811 0.029166666666666667 0.01650943396226415 0.022916666666666665
0 0.5330188679245284 0.041666666666666664 0.014150943396226415 0.020833333333333332
0 0.5695754716981132 0.010416666666666666 0.01061320754716981 0.022916666666666665
0 0.6297169811320755 0.24375 0.01061320754716981 0.016666666666666666
0 0.5082547169811321 0.07708333333333334 0.01179245283018868 0.01875
0 0.4846698113207547 0.09791666666666667 0.012971698113207548 0.027083333333333334
0 0.6155660377358491 0.09583333333333334 0.009433962264150943 0.014583333333333334
0 0.7216981132075472 0.19166666666666668 0.020047169811320754 0.027083333333333334
0 0.9634433962264151 0.1 0.01768867924528302 0.029166666666666667
0 0.9422169811320755 0.2875 0.014150943396226415 0.027083333333333334
0 0.2759433962264151 0.01875 0.014150943396226415 0.020833333333333332
0 0.22641509433962265 0.13125 0.02122641509433962 0.029166666666666667
0 0.024764150943396228 0.20208333333333334 0.02240566037735849 0.035416666666666666
0 0.08372641509433962 0.5666666666666667 0.01768867924528302 0.020833333333333332
0 0.5577830188679245 0.18125 0.02122641509433962 0.029166666666666667
0 0.4068396226415094 0.0875 0.018867924528301886 0.025
