0 0.01650943396226415 0.14285714285714285 0.020047169811320754 0.025210084033613446
0 0.045990566037735846 0.20588235294117646 0.01768867924528302 0.025210084033613446
0 0.0625 0.5 0.018867924528301886 0.03361344537815126
0 0.38207547169811323 0.19327731092436976 0.02240566037735849 0.031512605042016806
0 0.39504716981132076 0.14705882352941177 0.020047169811320754 0.03571428571428571
0 0.4528301886792453 0.16596638655462184 0.015330188679245283 0.03361344537815126
0 0.47995283018867924 0.20168067226890757 0.018867924528301886 0.037815126050420166
0 0.44457547169811323 0.30462184873949577 0.027122641509433963 0.03991596638655462
0 0.455188679245283 0.43487394957983194 0.02122641509433962 0.031512605042016806
0 0.5141509433962265 0.6680672268907563 0.025943396226415096 0.04411764705882353
0 0.4481132075471698 0.6071428571428571 0.01768867924528302 0.031512605042016806
0 0.19221698113207547 0.9831932773109243 0.01768867924528302 0.03361344537815126
0 0.4693396226415094 0.8235294117647058 0.01650943396226415 0.03361344537815126
0 0.43160377358490565 0.9831932773109243 0.02122641509433962 0.03571428571428571
0 0.07783018867924528 0.8634453781512605 0.025943396226415096 0.03571428571428571
0 0.6155660377358491 0.2920168067226891 0.01650943396226415 0.031512605042016806
0 0.6957547169811321 0.31932773109243695 0.018867924528301886 0.0273109243697479
0 0.6426886792452831 0.2773109243697479 0.018867924528301886 0.029411764705882353
