0 0.33372641509433965 0.15833333333333333 0.01768867924528302 0.03125
0 0.35259433962264153 0.11041666666666666 0.012971698113207548 0.020833333333333332
0 0.37971698113207547 0.1 0.012971698113207548 0.027083333333333334
0 0.43985849056603776 0.16458333333333333 0.01650943396226415 0.022916666666666665
0 0.3891509433962264 0.21041666666666667 0.018867924528301886 0.035416666666666666
0 0.5318396226415094 0.10208333333333333 0.014150943396226415 0.01875
0 0.6143867924528302 0.19166666666666668 0.01768867924528302 0.020833333333333332
0 0.3903301886792453 0.26666666666666666 0.01061320754716981 0.022916666666666665
0 0.8219339622641509 0.020833333333333332 0.01650943396226415 0.041666666666666664
0 0.6155660377358491 0.55625 0.018867924528301886 0.025
0 0.6509433962264151 0.5541666666666667 0.01650943396226415 0.022916666666666665
0 0.7334905660377359 0.5416666666666666 0.018867924528301886 0.025
0 0.7924528301886793 0.4666666666666667 0.020047169811320754 0.025
