0 0.2983490566037736 0.014705882352941176 0.02122641509433962 0.031512605042016806
0 0.27240566037735847 0.06092436974789916 0.018867924528301886 0.031512605042016806
0 0.16745283018867924 0.06722689075630252 0.015330188679245283 0.031512605042016806
0 0.1580188679245283 0.0819327731092437 0.012971698113207548 0.0273109243697479
0 0.07665094339622641 0.014705882352941176 0.01650943396226415 0.029411764705882353
0 0.01768867924528302 0.03991596638655462 0.01768867924528302 0.03571428571428571
0 0.015330188679245283 0.19117647058823528 0.01650943396226415 0.03571428571428571
0 0.19811320754716982 0.3319327731092437 0.01768867924528302 0.03991596638655462
0 0.04716981132075472 0.7773109243697479 0.020047169811320754 0.025210084033613446
0 0.1391509433962264 0.6869747899159664 0.020047169811320754 0.03571428571428571
0 0.19929245283018868 0.6176470588235294 0.027122641509433963 0.031512605042016806
0 0.2275943396226415 0.5630252100840336 0.01768867924528302 0.0273109243697479
0 0.018867924528301886 0.9348739495798319 0.02358490566037736 0.029411764705882353
0 0.23113207547169812 0.8781512605042017 0.01650943396226415 0.023109243697478993
0 0.2841981132075472 0.8025210084033614 0.015330188679245283 0.01680672268907563
0 0.03537735849056604 0.3487394957983193 0.018867924528301886 0.03361344537815126
0 0.009433962264150943 0.47689075630252103 0.018867924528301886 0.029411764705882353
0 0.06485849056603774 0.5168067226890757 0.02358490566037736 0.031512605042016806
0 0.3266509433962264 0.5441176470588235 0.025943396226415096 0.037815126050420166
0 0.18160377358490565 0.25 0.020047169811320754 0.037815126050420166
0 0.1179245283018868 0.19957983193277312 0.02240566037735849 0.03991596638655462
