0 0.0047169811320754715 0.7689075630252101 0.01061320754716981 0.03361344537815126
0 0.030660377358490566 0.6218487394957983 0.014150943396226415 0.0273109243697479
0 0.04716981132075472 0.5441176470588235 0.012971698113207548 0.0273109243697479
0 0.09551886792452831 0.592436974789916 0.01061320754716981 0.025210084033613446
0 0.14386792452830188 0.6281512605042017 0.01179245283018868 0.0273109243697479
0 0.03537735849056604 0.7478991596638656 0.01061320754716981 0.025210084033613446
0 0.08254716981132075 0.7331932773109243 0.01650943396226415 0.018907563025210083
0 0.12382075471698113 0.7457983193277311 0.012971698113207548 0.029411764705882353
0 0.20518867924528303 0.7542016806722689 0.01650943396226415 0.023109243697478993
0 0.06721698113207547 0.30462184873949577 0.015330188679245283 0.025210084033613446
0 0.19103773584905662 0.5546218487394958 0.01061320754716981 0.0273109243697479
0 0.25707547169811323 0.7058823529411765 0.014150943396226415 0.025210084033613446
0 0.25 0.7521008403361344 0.012971698113207548 0.02100840336134454
0 0.32193396226415094 0.6743697478991597 0.014150943396226415 0.023109243697478993
0 0.30306603773584906 0.6995798319327731 0.01179245283018868 0.023109243697478993
0 0.2841981132075472 0.7226890756302521 0.01179245283018868 0.029411764705882353
0 0.31721698113207547 0.7310924369747899 0.01179245283018868 0.02100840336134454
0 0.28537735849056606 0.7605042016806722 0.015330188679245283 0.031512605042016806
0 0.24646226415094338 0.8382352941176471 0.009433962264150943 0.02100840336134454
0 0.5188679245283019 0.9432773109243697 0.01768867924528302 0.02100840336134454
0 0.49292452830188677 0.8214285714285714 0.01179245283018868 0.029411764705882353
0 0.4634433962264151 0.8529411764705882 0.009433962264150943 0.025210084033613446
0 0.482311320754717 0.8571428571428571 0.015330188679245283 0.029411764705882353
0 0.4693396226415094 0.8130252100840336 0.014150943396226415 0.025210084033613446
0 0.6014150943396226 0.9411764705882353 0.015330188679245283 0.04411764705882353
0 0.7382075471698113 0.842436974789916 0.015330188679245283 0.029411764705882353
0 0.7983490566037735 0.9474789915966386 0.02122641509433962 0.03571428571428571
0 0.8372641509433962 0.9558823529411765 0.020047169811320754 0.03991596638655462
0 0.7877358490566038 0.8529411764705882 0.01650943396226415 0.03571428571428571
0 0.6143867924528302 0.31512605042016806 0.015330188679245283 0.031512605042016806
0 0.5860849056603774 0.43487394957983194 0.02122641509433962 0.037815126050420166
0 0.7452830188679245 0.32983193277310924 0.018867924528301886 0.037815126050420166
0 0.7099056603773585 0.3130252100840336 0.01768867924528302 0.03571428571428571
0 0.5625 0.3088235294117647 0.02122641509433962 0.037815126050420166
0 0.5047169811320755 0.3487394957983193 0.01768867924528302 0.037815126050420166
0 0.5754716981132075 0.39705882352941174 0.014150943396226415 0.0273109243697479
0 0.39504716981132076 0.44537815126050423 0.014150943396226415 0.029411764705882353
0 0.7287735849056604 0.7626050420168067 0.014150943396226415 0.031512605042016806
0 0.8620283018867925 0.3319327731092437 0.020047169811320754 0.037815126050420166
0 0.9304245283018868 0.35084033613445376 0.02358490566037736 0.037815126050420166
0 0.9693396226415094 0.3550420168067227 0.020047169811320754 0.03361344537815126
0 0.964622641509434 0.7457983193277311 0.014150943396226415 0.025210084033613446
0 0.9186320754716981 0.976890756302521 0.020047169811320754 0.03361344537815126
