0 0.5117924528301887 0.0819327731092437 0.01650943396226415 0.0273109243697479
0 0.6816037735849056 0.17016806722689076 0.014150943396226415 0.031512605042016806
0 0.7063679245283019 0.13865546218487396 0.01768867924528302 0.025210084033613446
0 0.722877358490566 0.0861344537815126 0.01650943396226415 0.0273109243697479
0 0.8030660377358491 0.0273109243697479 0.015330188679245283 0.0273109243697479
0 0.8266509433962265 0.046218487394957986 0.018867924528301886 0.031512605042016806
0 0.8926886792452831 0.04201680672268908 0.01179245283018868 0.023109243697478993
0 0.9386792452830188 0.046218487394957986 0.01768867924528302 0.03361344537815126
0 0.9893867924528302 0.052521008403361345 0.01768867924528302 0.03361344537815126
0 0.9469339622641509 0.13025210084033614 0.01650943396226415 0.025210084033613446
0 0.9433962264150944 0.17647058823529413 0.01768867924528302 0.025210084033613446
0 0.8915094339622641 0.1638655462184874 0.015330188679245283 0.023109243697478993
0 0.8349056603773585 0.15126050420168066 0.01768867924528302 0.029411764705882353
0 0.8502358490566038 0.1722689075630252 0.009433962264150943 0.029411764705882353
0 0.8667452830188679 0.18487394957983194 0.014150943396226415 0.02100840336134454
0 0.8832547169811321 0.21638655462184875 0.01179245283018868 0.02100840336134454
0 0.9198113207547169 0.21218487394957983 0.015330188679245283 0.023109243697478993
0 0.8608490566037735 0.22478991596638656 0.012971698113207548 0.029411764705882353
0 0.8066037735849056 0.22478991596638656 0.01650943396226415 0.029411764705882353
0 0.8431603773584906 0.27310924369747897 0.014150943396226415 0.029411764705882353
0 0.8891509433962265 0.27521008403361347 0.01179245283018868 0.0273109243697479
0 0.9327830188679245 0.29411764705882354 0.02240566037735849 0.03361344537815126
0 0.9540094339622641 0.3382352941176471 0.01768867924528302 0.037815126050420166
0 0.8773584905660378 0.31512605042016806 0.015330188679245283 0.018907563025210083
0 0.8844339622641509 0.34663865546218486 0.018867924528301886 0.018907563025210083
0 0.8584905660377359 0.37184873949579833 0.014150943396226415 0.029411764705882353
0 0.8337264150943396 0.33613445378151263 0.012971698113207548 0.0273109243697479
0 0.8360849056603774 0.41386554621848737 0.014150943396226415 0.025210084033613446
0 0.8419811320754716 0.4474789915966387 0.014150943396226415 0.0273109243697479
0 0.8431603773584906 0.49789915966386555 0.015330188679245283 0.037815126050420166
0 0.8714622641509434 0.4810924369747899 0.012971698113207548 0.029411764705882353
0 0.8915094339622641 0.46218487394957986 0.015330188679245283 0.029411764705882353
0 0.9162735849056604 0.5021008403361344 0.018867924528301886 0.0273109243697479
0 0.902122641509434 0.5273109243697479 0.012971698113207548 0.03361344537815126
0 0.8761792452830188 0.5336134453781513 0.01179245283018868 0.018907563025210083
0 0.8820754716981132 0.5882352941176471 0.01061320754716981 0.023109243697478993
0 0.8891509433962265 0.6470588235294118 0.01650943396226415 0.029411764705882353
0 0.9233490566037735 0.6134453781512605 0.012971698113207548 0.023109243697478993
0 0.9693396226415094 0.6911764705882353 0.014150943396226415 0.018907563025210083
0 0.9917452830188679 0.41386554621848737 0.014150943396226415 0.0273109243697479
0 0.7971698113207547 0.4117647058823529 0.007075471698113208 0.018907563025210083
0 0.8125 0.43487394957983194 0.01061320754716981 0.02100840336134454
0 0.7806603773584906 0.4894957983193277 0.015330188679245283 0.025210084033613446
0 0.8054245283018868 0.6491596638655462 0.01061320754716981 0.025210084033613446
0 0.8643867924528302 0.6890756302521008 0.014150943396226415 0.023109243697478993
0 0.8077830188679245 0.6995798319327731 0.01768867924528302 0.025210084033613446
0 0.9245283018867925 0.6848739495798319 0.01650943396226415 0.02100840336134454
0 0.9033018867924528 0.7689075630252101 0.012971698113207548 0.023109243697478993
0 0.910377358490566 0.7689075630252101 0.015330188679245283 0.0273109243697479
0 0.9363207547169812 0.7794117647058824 0.01061320754716981 0.018907563025210083
0 0.9563679245283019 0.8025210084033614 0.015330188679245283 0.0273109243697479
0 0.9233490566037735 0.8403361344537815 0.014150943396226415 0.03361344537815126
0 0.8702830188679245 0.8298319327731093 0.014150943396226415 0.029411764705882353
0 0.8584905660377359 0.8760504201680672 0.014150943396226415 0.023109243697478993
0 0.8290094339622641 0.865546218487395 0.01650943396226415 0.025210084033613446
0 0.8007075471698113 0.8445378151260504 0.012971698113207548 0.023109243697478993
0 0.7016509433962265 0.7773109243697479 0.015330188679245283 0.023109243697478993
0 0.5966981132075472 0.792016806722689 0.015330188679245283 0.023109243697478993
0 0.6273584905660378 0.7689075630252101 0.01650943396226415 0.031512605042016806
0 0.6403301886792453 0.6974789915966386 0.01650943396226415 0.023109243697478993
0 0.589622641509434 0.6470588235294118 0.01179245283018868 0.0273109243697479
0 0.5719339622641509 0.6365546218487395 0.01650943396226415 0.018907563025210083
0 0.6179245283018868 0.5861344537815126 0.015330188679245283 0.023109243697478993
0 0.6497641509433962 0.6008403361344538 0.01650943396226415 0.0273109243697479
0 0.5790094339622641 0.4957983193277311 0.01650943396226415 0.031512605042016806
0 0.6780660377358491 0.28781512605042014 0.014150943396226415 0.025210084033613446
0 0.6580188679245284 0.25 0.01650943396226415 0.029411764705882353
0 0.5294811320754716 0.13025210084033614 0.012971698113207548 0.023109243697478993
0 0.35259433962264153 0.9621848739495799 0.01650943396226415 0.025210084033613446
0 0.2959905660377358 0.6974789915966386 0.01768867924528302 0.031512605042016806
0 0.37264150943396224 0.6722689075630253 0.015330188679245283 0.02100840336134454
0 0.2841981132075472 0.6260504201680672 0.01768867924528302 0.023109243697478993
0 0.7676886792452831 0.0546218487394958 0.01650943396226415 0.02100840336134454
0 0.7193396226415094 0.18907563025210083 0.020047169811320754 0.025210084033613446
0 0.7818396226415094 0.10294117647058823 0.01650943396226415 0.029411764705882353
0 0.9587264150943396 0.9810924369747899 0.020047169811320754 0.037815126050420166
