0 0.1726822363765039 0.011306532663316583 0.010615711252653927 0.022613065326633167
0 0.13092710544939845 0.00628140703517588 0.01132342533616419 0.011306532663316583
0 0.11535739561217269 0.02135678391959799 0.008492569002123142 0.017587939698492462
0 0.10191082802547771 0.04648241206030151 0.008492569002123142 0.01507537688442211
0 0.10544939844302902 0.06658291457286432 0.008492569002123142 0.016331658291457288
0 0.10615711252653928 0.09673366834170855 0.009200283085633405 0.022613065326633167
0 0.12314225053078556 0.08668341708542714 0.00778485491861288 0.017587939698492462
0 0.13517338995046002 0.07537688442211055 0.009200283085633405 0.017587939698492462
0 0.15003538570417552 0.0992462311557789 0.01132342533616419 0.016331658291457288
0 0.14154281670205238 0.114321608040201 0.00778485491861288 0.020100502512562814
0 0.1259731068648266 0.11809045226130653 0.007077140835102618 0.011306532663316583
0 0.12951167728237792 0.1507537688442211 0.006369426751592357 0.013819095477386936
0 0.1337579617834395 0.18592964824120603 0.009907997169143666 0.017587939698492462
0 0.1542816702052371 0.1658291457286432 0.00778485491861288 0.013819095477386936
0 0.1818825194621373 0.21231155778894473 0.008492569002123142 0.011306532663316583
0 0.2229299363057325 0.11809045226130653 0.008492569002123142 0.01256281407035176
0 0.19532908704883228 0.04648241206030151 0.008492569002123142 0.016331658291457288
0 0.07855626326963906 0.04522613065326633 0.004246284501061571 0.011306532663316583
0 0.08775654635527247 0.059045226130653265 0.006369426751592357 0.01256281407035176
0 0.0686482661004954 0.09170854271356783 0.009200283085633405 0.01507537688442211
0 0.0835102618542109 0.1871859296482412 0.006369426751592357 0.01507537688442211
0 0.11889596602972399 0.21105527638190955 0.008492569002123142 0.013819095477386936
0 0.08492569002123142 0.21733668341708542 0.010615711252653927 0.01507537688442211
0 0.15498938428874734 0.20854271356783918 0.009907997169143666 0.01256281407035176
0 0.14225053078556263 0.25879396984924624 0.00778485491861288 0.013819095477386936
0 0.1464968152866242 0.25879396984924624 0.009200283085633405 0.016331658291457288
0 0.16206652512384997 0.2650753768844221 0.006369426751592357 0.011306532663316583
0 0.1740976645435244 0.27889447236180903 0.009200283085633405 0.016331658291457288
0 0.1542816702052371 0.3015075376884422 0.008492569002123142 0.020100502512562814
0 0.1224345364472753 0.2952261306532663 0.008492569002123142 0.017587939698492462
0 0.11535739561217269 0.3228643216080402 0.008492569002123142 0.013819095477386936
0 0.09766454352441614 0.3165829145728643 0.009907997169143666 0.01507537688442211
0 0.08067940552016985 0.30402010050251255 0.00778485491861288 0.013819095477386936
0 0.021231422505307854 0.2638190954773869 0.009200283085633405 0.013819095477386936
0 0.37013446567586694 0.03768844221105527 0.009907997169143666 0.020100502512562814
0 0.39773531493276715 0.0364321608040201 0.00778485491861288 0.01507537688442211
0 0.3970276008492569 0.06532663316582915 0.01132342533616419 0.02135678391959799
0 0.45222929936305734 0.09170854271356783 0.00778485491861288 0.01256281407035176
0 0.47770700636942676 0.05150753768844221 0.009200283085633405 0.01507537688442211
0 0.46638358103326255 0.11306532663316583 0.009907997169143666 0.017587939698492462
0 0.359518754423213 0.1922110552763819 0.010615711252653927 0.013819095477386936
0 0.33121019108280253 0.228643216080402 0.008492569002123142 0.01256281407035176
0 0.23708421797593773 0.2135678391959799 0.007077140835102618 0.011306532663316583
0 0.2413305024769993 0.23241206030150754 0.007077140835102618 0.010050251256281407
0 0.2427459306440198 0.2650753768844221 0.004246284501061571 0.01256281407035176
0 0.251238499646143 0.2964824120603015 0.009200283085633405 0.017587939698492462
0 0.27105449398443027 0.3203517587939699 0.008492569002123142 0.01507537688442211
0 0.29440905874026896 0.34045226130653267 0.008492569002123142 0.013819095477386936
0 0.3099787685774947 0.3530150753768844 0.007077140835102618 0.01256281407035176
0 0.386411889596603 0.20603015075376885 0.009200283085633405 0.016331658291457288
0 0.42038216560509556 0.22487437185929648 0.005661712668082095 0.01256281407035176
0 0.35739561217268223 0.2537688442211055 0.00778485491861288 0.011306532663316583
0 0.4033970276008493 0.2864321608040201 0.008492569002123142 0.01507537688442211
0 0.4309978768577495 0.3379396984924623 0.009200283085633405 0.01507537688442211
0 0.4302901627742392 0.3065326633165829 0.006369426751592357 0.011306532663316583
0 0.42038216560509556 0.42839195979899497 0.007077140835102618 0.013819095477386936
0 0.372965322009908 0.5213567839195979 0.009907997169143666 0.013819095477386936
0 0.3559801840056617 0.5565326633165829 0.009200283085633405 0.018844221105527637
0 0.4564755838641189 0.5125628140703518 0.008492569002123142 0.01507537688442211
0 0.42250530785562634 0.5113065326633166 0.007077140835102618 0.013819095477386936
0 0.49469214437367304 0.5263819095477387 0.007077140835102618 0.013819095477386936
0 0.5237084217975938 0.3555276381909548 0.009907997169143666 0.01507537688442211
0 0.5166312809624911 0.3065326633165829 0.007077140835102618 0.01256281407035176
0 0.4968152866242038 0.38944723618090454 0.007077140835102618 0.01256281407035176
0 0.4996461429582449 0.41457286432160806 0.009907997169143666 0.013819095477386936
0 0.5201698513800425 0.4221105527638191 0.008492569002123142 0.01256281407035176
0 0.5534324133050248 0.38944723618090454 0.00778485491861288 0.013819095477386936
0 0.5421089879688605 0.4007537688442211 0.006369426751592357 0.013819095477386936
0 0.5690021231422505 0.2600502512562814 0.00778485491861288 0.016331658291457288
0 0.5782024062278839 0.5439698492462312 0.006369426751592357 0.010050251256281407
0 0.505307855626327 0.4434673366834171 0.007077140835102618 0.011306532663316583
0 0.49115357395612175 0.45603015075376885 0.00778485491861288 0.016331658291457288
0 0.5697098372257607 0.4547738693467337 0.005661712668082095 0.008793969849246231
0 0.7204529370134466 0.2889447236180904 0.010615711252653927 0.01507537688442211
0 0.7544232130219392 0.3128140703517588 0.010615711252653927 0.01507537688442211
0 0.7919320594479831 0.2914572864321608 0.010615711252653927 0.016331658291457288
0 0.8287331917905166 0.2638190954773869 0.012031139419674451 0.01507537688442211
0 0.883934890304317 0.20979899497487436 0.012031139419674451 0.02135678391959799
0 0.9200283085633404 0.16834170854271358 0.01627742392073602 0.018844221105527637
0 0.9370134465675867 0.135678391959799 0.010615711252653927 0.016331658291457288
0 0.6334041047416844 0.5125628140703518 0.012031139419674451 0.016331658291457288
0 0.778485491861288 0.457286432160804 0.010615711252653927 0.017587939698492462
0 0.8075017692852088 0.5439698492462312 0.012031139419674451 0.02135678391959799
0 0.8520877565463553 0.5816582914572864 0.014154281670205236 0.018844221105527637
0 0.8393489030431706 0.4748743718592965 0.01132342533616419 0.013819095477386936
0 0.7657466383581033 0.5703517587939698 0.008492569002123142 0.016331658291457288
0 0.8117480537862704 0.35804020100502515 0.014154281670205236 0.017587939698492462
0 0.9391365888181175 0.3241206030150754 0.009907997169143666 0.013819095477386936
0 0.9709837225760792 0.27889447236180903 0.009200283085633405 0.010050251256281407
0 0.940552016985138 0.5288944723618091 0.010615711252653927 0.013819095477386936
0 0.36588818117480537 0.4082914572864322 0.008492569002123142 0.01256281407035176
0 0.32696390658174096 0.3844221105527638 0.009200283085633405 0.01256281407035176
0 0.3361641896673744 0.47613065326633164 0.012738853503184714 0.017587939698492462
0 0.17551309271054494 0.39195979899497485 0.012031139419674451 0.022613065326633167
0 0.09341825902335456 0.4020100502512563 0.009907997169143666 0.02512562814070352
0 0.2151450813871196 0.5188442211055276 0.013446567586694975 0.02135678391959799
0 0.040339702760084924 0.7236180904522613 0.01132342533616419 0.01507537688442211
0 0.07572540693559802 0.678391959798995 0.012031139419674451 0.01507537688442211
0 0.2505307855626327 0.7386934673366834 0.010615711252653927 0.01256281407035176
0 0.535031847133758 0.5062814070351759 0.012738853503184714 0.017587939698492462
0 0.4444444444444444 0.44974874371859297 0.01132342533616419 0.01507537688442211
0 0.47983014861995754 0.36055276381909546 0.01132342533616419 0.01507537688442211
0 0.4854918612880396 0.38944723618090454 0.009907997169143666 0.016331658291457288
0 0.5251238499646143 0.23869346733668342 0.013446567586694975 0.01507537688442211
0 0.5796178343949044 0.007537688442211055 0.012738853503184714 0.01507537688442211
0 0.7480537862703468 0.05527638190954774 0.010615711252653927 0.017587939698492462
0 0.821656050955414 0.010050251256281407 0.01132342533616419 0.020100502512562814
0 0.8060863411181882 0.08417085427135679 0.01132342533616419 0.017587939698492462
0 0.8393489030431706 0.10804020100502512 0.014154281670205236 0.018844221105527637
0 0.9922151450813871 0.12437185929648241 0.01556970983722576 0.022613065326633167
0 0.9858457183297947 0.4547738693467337 0.010615711252653927 0.02135678391959799
0 0.5739561217268223 0.08165829145728644 0.010615711252653927 0.02135678391959799
0 0.5987261146496815 0.12311557788944724 0.01132342533616419 0.018844221105527637
