0 0.745930644019816 0.013853904282115869 0.012738853503184714 0.02392947103274559
0 0.7685774946921444 0.06675062972292191 0.008492569002123142 0.0163727959697733
0 0.6822363765038925 0.10453400503778337 0.012738853503184714 0.0163727959697733
0 0.6631280962491154 0.1574307304785894 0.01132342533616419 0.021410579345088162
0 0.6539278131634819 0.18765743073047858 0.009907997169143666 0.020151133501259445
0 0.6341118188251946 0.24937027707808565 0.009200283085633405 0.0163727959697733
0 0.6142958244869073 0.2619647355163728 0.009200283085633405 0.015113350125944584
0 0.6185421089879689 0.30730478589420657 0.009200283085633405 0.021410579345088162
0 0.7154989384288747 0.21032745591939547 0.012031139419674451 0.017632241813602016
0 0.7438075017692852 0.2304785894206549 0.01556970983722576 0.021410579345088162
0 0.7735314932767162 0.13224181360201512 0.008492569002123142 0.018891687657430732
0 0.7239915074309978 0.34005037783375314 0.012031139419674451 0.013853904282115869
0 0.7204529370134466 0.3589420654911839 0.01556970983722576 0.021410579345088162
0 0.70276008492569 0.37405541561712846 0.009200283085633405 0.018891687657430732
0 0.8103326256192498 0.28463476070528965 0.012031139419674451 0.015113350125944584
0 0.8280254777070064 0.3224181360201511 0.010615711252653927 0.015113350125944584
0 0.20736022646850671 0.05289672544080604 0.012738853503184714 0.022670025188916875
0 0.35456475583864117 0.028967254408060455 0.01132342533616419 0.020151133501259445
0 0.3021939136588818 0.07556675062972293 0.01556970983722576 0.021410579345088162
0 0.24203821656050956 0.10075566750629723 0.009907997169143666 0.013853904282115869
0 0.21656050955414013 0.11335012594458438 0.010615711252653927 0.021410579345088162
0 0.19815994338287332 0.13350125944584382 0.013446567586694975 0.021410579345088162
0 0.1599433828733192 0.05793450881612091 0.013446567586694975 0.017632241813602016
0 0.21939136588818117 0.16120906801007556 0.010615711252653927 0.02392947103274559
0 0.2208067940552017 0.18639798488664988 0.009907997169143666 0.027707808564231738
0 0.19179051663128097 0.20151133501259447 0.012031139419674451 0.021410579345088162
0 0.17338995046001415 0.1712846347607053 0.012031139419674451 0.022670025188916875
0 0.15286624203821655 0.18261964735516373 0.010615711252653927 0.02518891687657431
0 0.12738853503184713 0.20277078085642317 0.013446567586694975 0.021410579345088162
0 0.15286624203821655 0.24937027707808565 0.01132342533616419 0.021410579345088162
0 0.18259023354564755 0.23551637279596976 0.009200283085633405 0.021410579345088162
0 0.2002830856334041 0.24055415617128464 0.012031139419674451 0.02392947103274559
0 0.20665251238499646 0.27581863979848864 0.013446567586694975 0.0163727959697733
0 0.17834394904458598 0.2770780856423174 0.010615711252653927 0.02644836272040302
0 0.16772823779193205 0.2884130982367758 0.010615711252653927 0.018891687657430732
0 0.14861995753715498 0.27455919395465994 0.01132342533616419 0.017632241813602016
0 0.1394196744515216 0.2959697732997481 0.012738853503184714 0.018891687657430732
0 0.15852795470629866 0.30982367758186397 0.009907997169143666 0.013853904282115869
0 0.1854210898796886 0.30856423173803527 0.009200283085633405 0.020151133501259445
0 0.19745222929936307 0.3161209068010076 0.007077140835102618 0.018891687657430732
0 0.17338995046001415 0.33879093198992444 0.010615711252653927 0.013853904282115869
0 0.1592356687898089 0.3501259445843829 0.009907997169143666 0.0163727959697733
0 0.19249823071479122 0.33753148614609574 0.010615711252653927 0.0163727959697733
0 0.2151450813871196 0.34886649874055414 0.012031139419674451 0.0163727959697733
0 0.20523708421797593 0.35516372795969775 0.00778485491861288 0.018891687657430732
0 0.18259023354564755 0.3702770780856423 0.012031139419674451 0.021410579345088162
0 0.19886765746638357 0.3891687657430731 0.010615711252653927 0.020151133501259445
0 0.1578202406227884 0.3954659949622166 0.00778485491861288 0.0163727959697733
0 0.17551309271054494 0.4105793450881612 0.010615711252653927 0.017632241813602016
0 0.1521585279547063 0.4345088161209068 0.012031139419674451 0.017632241813602016
0 0.16843595187544233 0.4433249370277078 0.010615711252653927 0.021410579345088162
0 0.1670205237084218 0.47103274559193953 0.010615711252653927 0.0163727959697733
0 0.1726822363765039 0.4987405541561713 0.009200283085633405 0.013853904282115869
0 0.14154281670205238 0.4899244332493703 0.00778485491861288 0.013853904282115869
0 0.10828025477707007 0.24055415617128464 0.010615711252653927 0.020151133501259445
0 0.09695682944090588 0.26448362720403024 0.006369426751592357 0.0163727959697733
0 0.08067940552016985 0.24181360201511334 0.009200283085633405 0.020151133501259445
0 0.05803255484784147 0.24685138539042822 0.012031139419674451 0.021410579345088162
0 0.07147912243453644 0.2619647355163728 0.00778485491861288 0.018891687657430732
0 0.06794055201698514 0.3123425692695214 0.013446567586694975 0.021410579345088162
0 0.05874026893135174 0.3224181360201511 0.010615711252653927 0.018891687657430732
0 0.08138711960368011 0.34005037783375314 0.008492569002123142 0.018891687657430732
0 0.056617126680820945 0.3589420654911839 0.012031139419674451 0.018891687657430732
0 0.005661712668082095 0.2040302267002519 0.01132342533616419 0.027707808564231738
0 0.009200283085633405 0.9005037783375315 0.008492569002123142 0.018891687657430732
0 0.024062278839348902 0.8816120906801007 0.010615711252653927 0.015113350125944584
0 0.03397027600849257 0.8501259445843828 0.009907997169143666 0.0163727959697733
0 0.04600141542816702 0.37405541561712846 0.009200283085633405 0.018891687657430732
0 0.048124557678697805 0.41309823677581864 0.00778485491861288 0.012594458438287154
0 0.05803255484784147 0.38413098236775817 0.007077140835102618 0.015113350125944584
0 0.06227883934890304 0.40428211586901763 0.009200283085633405 0.015113350125944584
0 0.07501769285208776 0.3677581863979849 0.00778485491861288 0.013853904282115869
0 0.07643312101910828 0.3853904282115869 0.00778485491861288 0.012594458438287154
0 0.07784854918612881 0.4256926952141058 0.009200283085633405 0.012594458438287154
0 0.04529370134465676 0.4596977329974811 0.009907997169143666 0.0163727959697733
0 0.028308563340410473 0.48740554156171284 0.007077140835102618 0.012594458438287154
0 0.04883227176220807 0.49370277078085645 0.010615711252653927 0.0163727959697733
0 0.03184713375796178 0.49748110831234255 0.00778485491861288 0.013853904282115869
0 0.05732484076433121 0.5100755667506297 0.00778485491861288 0.011335012594458438
0 0.09483368719037509 0.4899244332493703 0.009907997169143666 0.012594458438287154
0 0.060155697098372256 0.4357682619647355 0.007077140835102618 0.010075566750629723
0 0.05732484076433121 0.5302267002518891 0.005661712668082095 0.008816120906801008
0 0.03255484784147204 0.552896725440806 0.006369426751592357 0.012594458438287154
0 0.06086341118188252 0.5667506297229219 0.004953998584571833 0.008816120906801008
0 0.043170559094125975 0.6045340050377834 0.007077140835102618 0.013853904282115869
0 0.07218683651804671 0.6045340050377834 0.004246284501061571 0.010075566750629723
0 0.1111111111111111 0.44710327455919396 0.007077140835102618 0.013853904282115869
0 0.12809624911535739 0.4672544080604534 0.006369426751592357 0.011335012594458438
0 0.1259731068648266 0.41309823677581864 0.006369426751592357 0.011335012594458438
0 0.13305024769992924 0.43073047858942065 0.005661712668082095 0.008816120906801008
0 0.13234253361641896 0.37405541561712846 0.007077140835102618 0.012594458438287154
0 0.1592356687898089 0.3702770780856423 0.009907997169143666 0.017632241813602016
0 0.12314225053078556 0.3236775818639798 0.007077140835102618 0.011335012594458438
0 0.11181882519462137 0.5125944584382871 0.008492569002123142 0.012594458438287154
0 0.1372965322009908 0.517632241813602 0.012031139419674451 0.013853904282115869
0 0.15569709837225762 0.5062972292191436 0.00778485491861288 0.010075566750629723
0 0.09483368719037509 0.5289672544080605 0.008492569002123142 0.010075566750629723
0 0.1075725406935598 0.535264483627204 0.006369426751592357 0.015113350125944584
0 0.12031139419674451 0.5365239294710328 0.00778485491861288 0.013853904282115869
0 0.1075725406935598 0.5642317380352645 0.00778485491861288 0.017632241813602016
0 0.14578910120311395 0.5831234256926953 0.009200283085633405 0.013853904282115869
0 0.1670205237084218 0.5780856423173804 0.009200283085633405 0.017632241813602016
0 0.16772823779193205 0.5491183879093199 0.007077140835102618 0.012594458438287154
0 0.19179051663128097 0.5440806045340051 0.009907997169143666 0.018891687657430732
0 0.18117480537862704 0.5554156171284634 0.00778485491861288 0.012594458438287154
0 0.11252653927813164 0.48488664987405544 0.00778485491861288 0.011335012594458438
0 0.09978768577494693 0.4634760705289673 0.009200283085633405 0.013853904282115869
0 0.16277423920736023 0.4068010075566751 0.008492569002123142 0.012594458438287154
0 0.051663128096249115 0.6561712846347607 0.007077140835102618 0.015113350125944584
0 0.036093418259023353 0.6272040302267002 0.008492569002123142 0.013853904282115869
0 0.03821656050955414 0.6561712846347607 0.009907997169143666 0.012594458438287154
0 0.06652512384996462 0.6347607052896725 0.009907997169143666 0.018891687657430732
0 0.08917197452229299 0.646095717884131 0.009200283085633405 0.018891687657430732
0 0.11252653927813164 0.6360201511335013 0.010615711252653927 0.017632241813602016
0 0.13234253361641896 0.646095717884131 0.00778485491861288 0.0163727959697733
0 0.1592356687898089 0.6083123425692695 0.010615711252653927 0.018891687657430732
0 0.17197452229299362 0.6297229219143576 0.012031139419674451 0.012594458438287154
0 0.18966737438075018 0.6070528967254408 0.01132342533616419 0.0163727959697733
0 0.20523708421797593 0.593198992443325 0.008492569002123142 0.0163727959697733
0 0.20736022646850671 0.5478589420654912 0.009200283085633405 0.0163727959697733
0 0.22717622080679406 0.552896725440806 0.010615711252653927 0.017632241813602016
0 0.25831564048124556 0.5163727959697733 0.009907997169143666 0.020151133501259445
0 0.24203821656050956 0.5163727959697733 0.010615711252653927 0.0163727959697733
0 0.047416843595187545 0.7002518891687658 0.009907997169143666 0.0163727959697733
0 0.024769992922859165 0.7267002518891688 0.013446567586694975 0.015113350125944584
0 0.04104741684359519 0.739294710327456 0.009200283085633405 0.011335012594458438
0 0.03043170559094126 0.7544080604534005 0.01132342533616419 0.013853904282115869
0 0.07855626326963906 0.7418136020151134 0.01132342533616419 0.015113350125944584
0 0.09907997169143666 0.7455919395465995 0.010615711252653927 0.013853904282115869
0 0.09907997169143666 0.7052896725440806 0.009907997169143666 0.017632241813602016
0 0.11818825194621373 0.7115869017632241 0.009200283085633405 0.017632241813602016
0 0.13800424628450106 0.7090680100755667 0.010615711252653927 0.0163727959697733
0 0.12455767869780608 0.7481108312342569 0.009200283085633405 0.013853904282115869
0 0.1670205237084218 0.7191435768261965 0.009907997169143666 0.017632241813602016
0 0.12172682236376504 0.6700251889168766 0.010615711252653927 0.015113350125944584
0 0.21939136588818117 0.654911838790932 0.01132342533616419 0.021410579345088162
0 0.19815994338287332 0.6775818639798489 0.012031139419674451 0.0163727959697733
0 0.1797593772116065 0.663727959697733 0.010615711252653927 0.017632241813602016
0 0.16772823779193205 0.6662468513853904 0.008492569002123142 0.020151133501259445
0 0.21019108280254778 0.7506297229219143 0.009200283085633405 0.018891687657430732
0 0.20169851380042464 0.7518891687657431 0.009907997169143666 0.015113350125944584
0 0.19391365888181175 0.7783375314861462 0.01132342533616419 0.022670025188916875
0 0.14720452937013448 0.7884130982367759 0.012031139419674451 0.018891687657430732
0 0.14012738853503184 0.7871536523929471 0.006369426751592357 0.017632241813602016
0 0.08209483368719038 0.8148614609571788 0.009200283085633405 0.0163727959697733
0 0.09624911535739561 0.8261964735516373 0.01132342533616419 0.018891687657430732
0 0.13588110403397027 0.8236775818639799 0.007077140835102618 0.013853904282115869
0 0.16348195329087048 0.8261964735516373 0.010615711252653927 0.020151133501259445
0 0.19391365888181175 0.8299748110831234 0.010615711252653927 0.020151133501259445
0 0.21231422505307856 0.8526448362720404 0.014154281670205236 0.02518891687657431
0 0.23283793347487616 0.8627204030226701 0.012738853503184714 0.0163727959697733
0 0.16843595187544233 0.8765743073047859 0.009907997169143666 0.015113350125944584
0 0.16631280962491155 0.9042821158690176 0.010615711252653927 0.015113350125944584
0 0.13517338995046002 0.8967254408060453 0.009200283085633405 0.013853904282115869
0 0.10120311394196745 0.889168765743073 0.010615711252653927 0.017632241813602016
0 0.11040339702760085 0.9017632241813602 0.005661712668082095 0.017632241813602016
0 0.12031139419674451 0.9093198992443325 0.008492569002123142 0.012594458438287154
0 0.13021939136588817 0.9282115869017632 0.007077140835102618 0.012594458438287154
0 0.1521585279547063 0.9256926952141058 0.009200283085633405 0.013853904282115869
0 0.11677282377919321 0.9332493702770781 0.00778485491861288 0.017632241813602016
0 0.08421797593772117 0.9332493702770781 0.009907997169143666 0.017632241813602016
0 0.10615711252653928 0.9622166246851386 0.008492569002123142 0.017632241813602016
0 0.1337579617834395 0.9634760705289672 0.007077140835102618 0.0163727959697733
0 0.1599433828733192 0.9748110831234257 0.013446567586694975 0.020151133501259445
0 0.12668082094833688 0.9874055415617129 0.009200283085633405 0.011335012594458438
0 0.007077140835102618 0.9710327455919395 0.008492569002123142 0.015113350125944584
0 0.14225053078556263 0.18765743073047858 0.008492569002123142 0.0163727959697733
0 0.06086341118188252 0.8312342569269522 0.009907997169143666 0.012594458438287154
0 0.03184713375796178 0.9118387909319899 0.012031139419674451 0.015113350125944584
0 0.06935598018400566 0.8602015113350125 0.009907997169143666 0.017632241813602016
0 0.11818825194621373 0.7871536523929471 0.009907997169143666 0.018891687657430732
0 0.42462845010615713 0.15491183879093198 0.013446567586694975 0.021410579345088162
0 0.3283793347487615 0.17002518891687657 0.014154281670205236 0.020151133501259445
0 0.2894550601556971 0.11083123425692695 0.016985138004246284 0.02518891687657431
0 0.4444444444444444 0.13727959697732997 0.012738853503184714 0.020151133501259445
0 0.5130927105449399 0.12342569269521411 0.01627742392073602 0.02518891687657431
0 0.524416135881104 0.3198992443324937 0.012031139419674451 0.021410579345088162
0 0.5449398443029017 0.3224181360201511 0.008492569002123142 0.021410579345088162
0 0.5145081387119603 0.21662468513853905 0.010615711252653927 0.017632241813602016
0 0.5336164189667374 0.3790931989924433 0.01132342533616419 0.02392947103274559
0 0.7147912243453645 0.12594458438287154 0.009907997169143666 0.0163727959697733
0 0.7331917905166313 0.1473551637279597 0.009200283085633405 0.0163727959697733
0 0.7438075017692852 0.5113350125944585 0.013446567586694975 0.0163727959697733
0 0.6666666666666666 0.570528967254408 0.008492569002123142 0.015113350125944584
0 0.6751592356687898 0.6057934508816121 0.009907997169143666 0.018891687657430732
0 0.6072186836518046 0.593198992443325 0.014154281670205236 0.0163727959697733
0 0.83793347487615 0.4987405541561713 0.01132342533616419 0.020151133501259445
0 0.9794762915782024 0.8073047858942065 0.012738853503184714 0.018891687657430732
0 0.9157820240622788 0.7972292191435768 0.010615711252653927 0.020151133501259445
0 0.9639065817409767 0.8350125944584383 0.01132342533616419 0.018891687657430732
0 0.9009200283085633 0.8387909319899244 0.009200283085633405 0.018891687657430732
0 0.8952583156404812 0.8476070528967254 0.00778485491861288 0.0163727959697733
0 0.8464260438782731 0.8060453400503779 0.009907997169143666 0.017632241813602016
0 0.8110403397027601 0.8224181360201511 0.010615711252653927 0.021410579345088162
0 0.8096249115357396 0.9130982367758187 0.009907997169143666 0.021410579345088162
0 0.9193205944798302 0.9886649874055415 0.010615711252653927 0.02392947103274559
0 0.6801132342533617 0.7619647355163728 0.00778485491861288 0.013853904282115869
0 0.6801132342533617 0.8350125944584383 0.009200283085633405 0.013853904282115869
0 0.6928520877565464 0.7594458438287154 0.004246284501061571 0.011335012594458438
0 0.7084217975937721 0.7695214105793451 0.00778485491861288 0.015113350125944584
0 0.6801132342533617 0.7002518891687658 0.00778485491861288 0.013853904282115869
0 0.2894550601556971 0.49622166246851385 0.010615711252653927 0.021410579345088162
0 0.3772116065109696 0.517632241813602 0.01132342533616419 0.018891687657430732
0 0.36659589525831565 0.6246851385390428 0.01132342533616419 0.022670025188916875
0 0.3602264685067233 0.6536523929471033 0.01556970983722576 0.020151133501259445
0 0.4062278839348903 0.743073047858942 0.012738853503184714 0.022670025188916875
0 0.36801132342533616 0.6863979848866498 0.009200283085633405 0.011335012594458438
0 0.34041047416843595 0.7178841309823678 0.012031139419674451 0.018891687657430732
0 0.4210898796886058 0.7695214105793451 0.00778485491861288 0.012594458438287154
0 0.4338287331917905 0.7758186397984886 0.008492569002123142 0.011335012594458438
0 0.35385704175513094 0.5377833753148614 0.010615711252653927 0.017632241813602016
0 0.37154989384288745 0.9332493702770781 0.008492569002123142 0.0163727959697733
0 0.39065817409766457 0.9596977329974811 0.007077140835102618 0.013853904282115869
0 0.5796178343949044 0.947103274559194 0.009907997169143666 0.018891687657430732
0 0.6227883934890305 0.8664987405541562 0.012738853503184714 0.0163727959697733
0 0.5987261146496815 0.8765743073047859 0.010615711252653927 0.015113350125944584
0 0.581033262561925 0.8564231738035264 0.01132342533616419 0.0163727959697733
0 0.56758669497523 0.7909319899244333 0.009907997169143666 0.017632241813602016
0 0.5456475583864119 0.6750629722921915 0.013446567586694975 0.022670025188916875
0 0.5484784147204529 0.6335012594458438 0.009200283085633405 0.017632241813602016
0 0.6631280962491154 0.9206549118387909 0.009907997169143666 0.015113350125944584
0 0.670205237084218 0.8954659949622166 0.006369426751592357 0.0163727959697733
0 0.6815286624203821 0.9420654911838791 0.01132342533616419 0.017632241813602016
0 0.667374380750177 0.982367758186398 0.01132342533616419 0.018891687657430732
0 0.7820240622788394 0.9911838790931989 0.008492569002123142 0.017632241813602016
0 0.7735314932767162 0.8753148614609572 0.012738853503184714 0.017632241813602016
0 0.7799009200283086 0.8060453400503779 0.01132342533616419 0.022670025188916875
0 0.7416843595187544 0.9193954659949622 0.007077140835102618 0.020151133501259445
0 0.8471337579617835 0.716624685138539 0.01556970983722576 0.021410579345088162
0 0.2356687898089172 0.7065491183879093 0.009200283085633405 0.017632241813602016
0 0.1372965322009908 0.6876574307304786 0.010615711252653927 0.017632241813602016
0 0.08280254777070063 0.3979848866498741 0.00778485491861288 0.011335012594458438
0 0.2300070771408351 0.743073047858942 0.009200283085633405 0.012594458438287154
0 0.2448690728945506 0.7329974811083123 0.00778485491861288 0.012594458438287154
0 0.24699221514508138 0.6788413098236776 0.009200283085633405 0.013853904282115869
0 0.3673036093418259 0.03526448362720403 0.008492569002123142 0.021410579345088162
0 0.6029723991507431 0.7304785894206549 0.008492569002123142 0.015113350125944584
0 0.6128803963198868 0.7670025188916877 0.009907997169143666 0.018891687657430732
0 0.5038924274593064 0.7858942065491183 0.009200283085633405 0.0163727959697733
0 0.3743807501769285 0.8589420654911839 0.010615711252653927 0.012594458438287154
0 0.386411889596603 0.8778337531486146 0.008492569002123142 0.013853904282115869
0 0.2816702052370842 0.06297229219143577 0.01132342533616419 0.017632241813602016
0 0.05449398443029016 0.07682619647355164 0.009200283085633405 0.0163727959697733
0 0.7834394904458599 0.10201511335012595 0.009200283085633405 0.017632241813602016
0 0.43241330502477 0.33123425692695213 0.014154281670205236 0.0163727959697733
0 0.9094125973106865 0.9483627204030227 0.012031139419674451 0.022670025188916875
0 0.8711960368011323 0.9181360201511335 0.013446567586694975 0.02392947103274559
