0 0.0297029702970297 0.3148614609571788 0.013437057991513438 0.018891687657430732
0 0.03748231966053748 0.2871536523929471 0.012022630834512023 0.021410579345088162
0 0.07213578500707214 0.29848866498740556 0.009193776520509194 0.020151133501259445
0 0.0884016973125884 0.3198992443324937 0.011315417256011316 0.022670025188916875
0 0.06718528995756719 0.38161209068010077 0.016265912305516265 0.02392947103274559
0 0.07355021216407355 0.4596977329974811 0.01272984441301273 0.018891687657430732
0 0.10891089108910891 0.5994962216624685 0.015558698727015558 0.02644836272040302
0 0.06930693069306931 0.5629722921914357 0.010608203677510608 0.018891687657430732
0 0.08203677510608204 0.6926952141057935 0.009900990099009901 0.020151133501259445
0 0.0594059405940594 0.7934508816120907 0.01272984441301273 0.021410579345088162
0 0.16973125884016974 0.37405541561712846 0.009900990099009901 0.018891687657430732
0 0.21782178217821782 0.3904282115869018 0.011315417256011316 0.0163727959697733
0 0.185997171145686 0.36523929471032746 0.011315417256011316 0.017632241813602016
0 0.2065063649222065 0.1561712846347607 0.01485148514851485 0.020151133501259445
0 0.2036775106082037 0.18513853904282115 0.014144271570014143 0.022670025188916875
0 0.15558698727015557 0.007556675062972292 0.01485148514851485 0.0163727959697733
