0 0.9582448690728945 0.27261306532663315 0.009200283085633405 0.013819095477386936
0 0.9766454352441614 0.25879396984924624 0.009907997169143666 0.018844221105527637
0 0.9844302901627743 0.21608040201005024 0.009907997169143666 0.013819095477386936
0 0.953998584571833 0.18592964824120603 0.007077140835102618 0.016331658291457288
0 0.943382873319179 0.17964824120603015 0.009907997169143666 0.011306532663316583
0 0.9709837225760792 0.14949748743718594 0.009200283085633405 0.013819095477386936
0 0.9900920028308563 0.15829145728643215 0.009907997169143666 0.016331658291457288
0 0.9476291578202406 0.09547738693467336 0.009907997169143666 0.018844221105527637
0 0.8004246284501062 0.49246231155778897 0.010615711252653927 0.018844221105527637
0 0.8117480537862704 0.4635678391959799 0.00778485491861288 0.01256281407035176
0 0.8280254777070064 0.457286432160804 0.00778485491861288 0.016331658291457288
0 0.8641188959660298 0.4962311557788945 0.009907997169143666 0.013819095477386936
0 0.8336871903750884 0.5238693467336684 0.01132342533616419 0.02135678391959799
0 0.9193205944798302 0.4585427135678392 0.008492569002123142 0.011306532663316583
0 0.9688605803255484 0.5125628140703518 0.010615711252653927 0.01256281407035176
0 0.8117480537862704 0.3743718592964824 0.009907997169143666 0.01507537688442211
0 0.7777777777777778 0.21608040201005024 0.010615711252653927 0.018844221105527637
0 0.8237791932059448 0.20100502512562815 0.009200283085633405 0.01256281407035176
0 0.7707006369426752 0.17336683417085427 0.010615711252653927 0.013819095477386936
0 0.8343949044585988 0.5577889447236181 0.006369426751592357 0.013819095477386936
0 0.9695682944090588 0.7324120603015075 0.01132342533616419 0.01507537688442211
0 0.9907997169143666 0.7311557788944724 0.009907997169143666 0.013819095477386936
