0 0.894550601556971 0.12342569269521411 0.009200283085633405 0.018891687657430732
0 0.8966737438075018 0.1473551637279597 0.01627742392073602 0.031486146095717885
0 0.8450106157112527 0.1712846347607053 0.01556970983722576 0.02518891687657431
0 0.8138711960368011 0.08060453400503778 0.008492569002123142 0.020151133501259445
0 0.7338995046001415 0.07178841309823678 0.012738853503184714 0.022670025188916875
0 0.8280254777070064 0.21158690176322417 0.01132342533616419 0.018891687657430732
0 0.8167020523708421 0.1889168765743073 0.012031139419674451 0.022670025188916875
0 0.8152866242038217 0.25566750629722923 0.014861995753715499 0.018891687657430732
0 0.8251946213729653 0.26700251889168763 0.014861995753715499 0.021410579345088162
0 0.9058740268931351 0.21536523929471033 0.01627742392073602 0.031486146095717885
0 0.9363057324840764 0.22544080604534006 0.008492569002123142 0.017632241813602016
0 0.8903043170559094 0.3136020151133501 0.012738853503184714 0.02518891687657431
0 0.9030431705590941 0.3236775818639798 0.008492569002123142 0.013853904282115869
0 0.9193205944798302 0.3161209068010076 0.00778485491861288 0.011335012594458438
0 0.9490445859872612 0.31863979848866497 0.008492569002123142 0.013853904282115869
0 0.9639065817409767 0.33879093198992444 0.007077140835102618 0.013853904282115869
0 0.9823071479122435 0.3198992443324937 0.007077140835102618 0.015113350125944584
0 0.9780608634111819 0.33753148614609574 0.008492569002123142 0.013853904282115869
0 0.9624911535739561 0.3891687657430731 0.009907997169143666 0.021410579345088162
0 0.9688605803255484 0.4244332493702771 0.009907997169143666 0.015113350125944584
0 0.8117480537862704 0.3438287153652393 0.006369426751592357 0.010075566750629723
0 0.8011323425336164 0.4345088161209068 0.005661712668082095 0.012594458438287154
0 0.7954706298655343 0.4596977329974811 0.006369426751592357 0.008816120906801008
0 0.686482661004954 0.698992443324937 0.009907997169143666 0.022670025188916875
0 0.8520877565463553 0.7770780856423174 0.013446567586694975 0.018891687657430732
0 0.8294409058740269 0.7342569269521411 0.009907997169143666 0.021410579345088162
0 0.8230714791224345 0.6750629722921915 0.010615711252653927 0.018891687657430732
0 0.7579617834394905 0.783375314861461 0.014154281670205236 0.021410579345088162
0 0.8704883227176221 0.7896725440806045 0.009907997169143666 0.0163727959697733
0 0.8888888888888888 0.7871536523929471 0.008492569002123142 0.013853904282115869
0 0.9072894550601557 0.8476070528967254 0.009907997169143666 0.0163727959697733
0 0.9950460014154282 0.9483627204030227 0.009907997169143666 0.017632241813602016
0 0.9179051663128096 0.8765743073047859 0.00778485491861288 0.013853904282115869
