0 0.009907997169143666 0.11586901763224182 0.014861995753715499 0.022670025188916875
0 0.01132342533616419 0.380352644836272 0.005661712668082095 0.008816120906801008
0 0.0537862703467799 0.5138539042821159 0.009907997169143666 0.017632241813602016
0 0.06157112526539278 0.4596977329974811 0.009907997169143666 0.017632241813602016
0 0.052370842179759375 0.47732997481108314 0.008492569002123142 0.017632241813602016
0 0.06652512384996462 0.49370277078085645 0.00778485491861288 0.017632241813602016
0 0.00778485491861288 0.8123425692695214 0.009907997169143666 0.013853904282115869
0 0.024062278839348902 0.7858942065491183 0.007077140835102618 0.011335012594458438
0 0.038924274593064405 0.7720403022670025 0.007077140835102618 0.015113350125944584
0 0.05024769992922859 0.8337531486146096 0.008492569002123142 0.013853904282115869
0 0.03184713375796178 0.8967254408060453 0.010615711252653927 0.017632241813602016
0 0.03255484784147204 0.8551637279596978 0.007077140835102618 0.011335012594458438
0 0.051663128096249115 0.6574307304785895 0.00778485491861288 0.015113350125944584
0 0.11535739561217269 0.6536523929471033 0.00778485491861288 0.015113350125944584
0 0.1337579617834395 0.6322418136020151 0.009907997169143666 0.017632241813602016
0 0.1337579617834395 0.6914357682619647 0.008492569002123142 0.017632241813602016
0 0.11748053786270347 0.716624685138539 0.007077140835102618 0.017632241813602016
0 0.10332625619249823 0.8073047858942065 0.009907997169143666 0.0163727959697733
0 0.13658881811748053 0.7795969773299748 0.008492569002123142 0.018891687657430732
0 0.09766454352441614 0.7808564231738035 0.006369426751592357 0.012594458438287154
0 0.15711252653927812 0.809823677581864 0.009200283085633405 0.017632241813602016
0 0.14437367303609341 0.8299748110831234 0.00778485491861288 0.012594458438287154
0 0.16631280962491155 0.8249370277078085 0.008492569002123142 0.017632241813602016
0 0.2356687898089172 0.8350125944584383 0.009907997169143666 0.017632241813602016
0 0.2208067940552017 0.8476070528967254 0.007077140835102618 0.015113350125944584
0 0.23920736022646852 0.8677581863979849 0.00778485491861288 0.015113350125944584
0 0.1592356687898089 0.5642317380352645 0.00778485491861288 0.015113350125944584
0 0.16914366595895258 0.464735516372796 0.009200283085633405 0.017632241813602016
0 0.1818825194621373 0.4811083123425693 0.008492569002123142 0.015113350125944584
0 0.20169851380042464 0.4609571788413098 0.006369426751592357 0.020151133501259445
0 0.15286624203821655 0.43828715365239296 0.009907997169143666 0.017632241813602016
0 0.14861995753715498 0.45843828715365237 0.00778485491861288 0.018891687657430732
0 0.1387119603680113 0.3866498740554156 0.009907997169143666 0.012594458438287154
0 0.17338995046001415 0.6435768261964736 0.010615711252653927 0.017632241813602016
0 0.17692852087756547 0.3526448362720403 0.007077140835102618 0.0163727959697733
0 0.21868365180467092 0.37279596977329976 0.008492569002123142 0.0163727959697733
0 0.22859164897381457 0.3261964735516373 0.00778485491861288 0.0163727959697733
0 0.25760792639773533 0.35516372795969775 0.006369426751592357 0.015113350125944584
0 0.28662420382165604 0.3765743073047859 0.007077140835102618 0.0163727959697733
0 0.22151450813871196 0.44836272040302266 0.006369426751592357 0.015113350125944584
0 0.24982307147912244 0.43954659949622166 0.009907997169143666 0.011335012594458438
0 0.2745930644019816 0.44710327455919396 0.00778485491861288 0.017632241813602016
0 0.32342533616418967 0.4521410579345088 0.009907997169143666 0.013853904282115869
0 0.24062278839348902 0.18261964735516373 0.009200283085633405 0.015113350125944584
0 0.059447983014861996 0.18261964735516373 0.005661712668082095 0.015113350125944584
0 0.08421797593772117 0.163727959697733 0.006369426751592357 0.011335012594458438
0 0.1316348195329087 0.15994962216624686 0.009907997169143666 0.015113350125944584
0 0.1408351026185421 0.14609571788413098 0.00778485491861288 0.011335012594458438
0 0.14861995753715498 0.12468513853904283 0.009907997169143666 0.0163727959697733
0 0.17126680820948337 0.12720403022670027 0.008492569002123142 0.013853904282115869
0 0.31493276716206653 0.33249370277078083 0.006369426751592357 0.0163727959697733
0 0.35456475583864117 0.42317380352644834 0.008492569002123142 0.015113350125944584
0 0.3503184713375796 0.4508816120906801 0.00778485491861288 0.012594458438287154
0 0.006369426751592357 0.14987405541561713 0.008492569002123142 0.011335012594458438
0 0.12738853503184713 0.34005037783375314 0.00778485491861288 0.018891687657430732
0 0.3934890304317056 0.40428211586901763 0.008492569002123142 0.013853904282115869
0 0.3821656050955414 0.4193954659949622 0.007077140835102618 0.013853904282115869
0 0.3708421797593772 0.4332493702770781 0.007077140835102618 0.017632241813602016
0 0.39065817409766457 0.43828715365239296 0.007077140835102618 0.012594458438287154
0 0.37154989384288745 0.45591939546599497 0.009200283085633405 0.018891687657430732
0 0.3481953290870488 0.5025188916876574 0.005661712668082095 0.012594458438287154
0 0.2448690728945506 0.7204030226700252 0.008492569002123142 0.017632241813602016
0 0.25548478414720455 0.7770780856423174 0.009200283085633405 0.017632241813602016
0 0.2816702052370842 0.743073047858942 0.010615711252653927 0.02518891687657431
0 0.3036093418259023 0.654911838790932 0.009200283085633405 0.018891687657430732
0 0.32200990799716916 0.739294710327456 0.012031139419674451 0.02644836272040302
0 0.283793347487615 0.7821158690176322 0.009200283085633405 0.020151133501259445
0 0.3559801840056617 0.7267002518891688 0.012031139419674451 0.021410579345088162
0 0.33828733191790517 0.6486146095717884 0.009907997169143666 0.017632241813602016
0 0.38004246284501064 0.7128463476070529 0.014154281670205236 0.021410579345088162
0 0.36942675159235666 0.7544080604534005 0.014154281670205236 0.018891687657430732
0 0.4267515923566879 0.7229219143576826 0.01132342533616419 0.017632241813602016
0 0.47629157820240625 0.6612090680100756 0.008492569002123142 0.015113350125944584
0 0.43665958952583156 0.7644836272040302 0.008492569002123142 0.018891687657430732
0 0.4309978768577495 0.8136020151133502 0.010615711252653927 0.02392947103274559
0 0.40905874026893135 0.809823677581864 0.009907997169143666 0.017632241813602016
0 0.37579617834394907 0.8299748110831234 0.007077140835102618 0.018891687657430732
0 0.3248407643312102 0.8198992443324937 0.009200283085633405 0.0163727959697733
0 0.42321302193913657 0.7670025188916877 0.008492569002123142 0.0163727959697733
0 0.49469214437367304 0.7594458438287154 0.00778485491861288 0.012594458438287154
0 0.5152158527954707 0.7141057934508817 0.008492569002123142 0.012594458438287154
0 0.5357395612172682 0.6801007556675063 0.01132342533616419 0.017632241813602016
0 0.47983014861995754 0.6020151133501259 0.007077140835102618 0.017632241813602016
0 0.5116772823779193 0.5654911838790933 0.010615711252653927 0.012594458438287154
0 0.49610757254069354 0.4924433249370277 0.007077140835102618 0.017632241813602016
0 0.47841472045293704 0.5113350125944585 0.005661712668082095 0.015113350125944584
0 0.4897381457891012 0.5138539042821159 0.009200283085633405 0.017632241813602016
0 0.4819532908704883 0.48740554156171284 0.008492569002123142 0.015113350125944584
0 0.5612172682236376 0.5642317380352645 0.009200283085633405 0.02644836272040302
0 0.6036801132342534 0.6536523929471033 0.008492569002123142 0.018891687657430732
0 0.643312101910828 0.5050377833753149 0.009200283085633405 0.017632241813602016
0 0.6794055201698513 0.5680100755667506 0.012738853503184714 0.021410579345088162
0 0.70276008492569 0.5730478589420654 0.012031139419674451 0.02392947103274559
0 0.673036093418259 0.5113350125944585 0.009907997169143666 0.021410579345088162
0 0.5690021231422505 0.1889168765743073 0.009200283085633405 0.018891687657430732
0 0.5520169851380042 0.2607052896725441 0.012738853503184714 0.022670025188916875
0 0.6475583864118896 0.1977329974811083 0.01132342533616419 0.022670025188916875
0 0.6263269639065817 0.18765743073047858 0.010615711252653927 0.021410579345088162
0 0.537862703467799 0.18513853904282115 0.012738853503184714 0.022670025188916875
0 0.5031847133757962 0.20906801007556675 0.010615711252653927 0.022670025188916875
0 0.5456475583864119 0.2380352644836272 0.008492569002123142 0.0163727959697733
0 0.43736730360934184 0.26700251889168763 0.008492569002123142 0.017632241813602016
0 0.637650389242746 0.45717884130982367 0.008492569002123142 0.018891687657430732
0 0.7176220806794055 0.19899244332493704 0.012031139419674451 0.022670025188916875
0 0.7586694975230007 0.21032745591939547 0.014154281670205236 0.022670025188916875
0 0.7820240622788394 0.2128463476070529 0.012031139419674451 0.020151133501259445
0 0.8435951875442321 0.22040302267002518 0.008492569002123142 0.0163727959697733
0 0.8308563340410474 0.2531486146095718 0.010615711252653927 0.018891687657430732
0 0.8726114649681529 0.2455919395465995 0.014154281670205236 0.018891687657430732
0 0.8747346072186837 0.2707808564231738 0.012031139419674451 0.027707808564231738
0 0.9157820240622788 0.2707808564231738 0.010615711252653927 0.020151133501259445
0 0.9271054493984431 0.20654911838790932 0.010615711252653927 0.017632241813602016
0 0.8662420382165605 0.3677581863979849 0.009907997169143666 0.027707808564231738
0 0.8520877565463553 0.3954659949622166 0.009200283085633405 0.018891687657430732
0 0.7791932059447984 0.44710327455919396 0.008492569002123142 0.015113350125944584
0 0.8032554847841472 0.48614609571788414 0.012738853503184714 0.018891687657430732
0 0.7515923566878981 0.5856423173803527 0.012031139419674451 0.020151133501259445
0 0.8251946213729653 0.5403022670025189 0.014154281670205236 0.02518891687657431
0 0.8690728945506015 0.5025188916876574 0.013446567586694975 0.018891687657430732
0 0.7211606510969568 0.6612090680100756 0.01132342533616419 0.022670025188916875
0 0.6978060863411182 0.7103274559193955 0.014154281670205236 0.017632241813602016
0 0.6482661004953999 0.6952141057934509 0.008492569002123142 0.018891687657430732
0 0.851380042462845 0.6687657430730478 0.012738853503184714 0.018891687657430732
0 0.8450106157112527 0.6007556675062973 0.009907997169143666 0.022670025188916875
0 0.8181174805378627 0.77455919395466 0.01132342533616419 0.021410579345088162
0 0.7990092002830856 0.8198992443324937 0.012031139419674451 0.021410579345088162
0 0.7848549186128804 0.8627204030226701 0.01132342533616419 0.021410579345088162
0 0.7558386411889597 0.9143576826196473 0.010615711252653927 0.015113350125944584
0 0.7671620665251239 0.9206549118387909 0.009907997169143666 0.020151133501259445
0 0.7961783439490446 0.9193954659949622 0.010615711252653927 0.020151133501259445
0 0.8577494692144374 0.9181360201511335 0.012031139419674451 0.027707808564231738
0 0.8188251946213729 0.9659949622166247 0.012738853503184714 0.015113350125944584
0 0.8266100495399858 0.9874055415617129 0.01556970983722576 0.02518891687657431
0 0.7544232130219392 0.9445843828715366 0.012738853503184714 0.020151133501259445
0 0.7572540693559802 0.9584382871536524 0.007077140835102618 0.0163727959697733
0 0.8719037508846426 0.924433249370277 0.012031139419674451 0.022670025188916875
0 0.9462137296532201 0.8035264483627204 0.009200283085633405 0.021410579345088162
0 0.9646142958244869 0.6423173803526449 0.010615711252653927 0.020151133501259445
0 0.9476291578202406 0.6146095717884131 0.012031139419674451 0.017632241813602016
0 0.921443736730361 0.48866498740554154 0.010615711252653927 0.021410579345088162
0 0.937721160651097 0.836272040302267 0.007077140835102618 0.015113350125944584
0 0.49610757254069354 0.6977329974811083 0.009200283085633405 0.012594458438287154
0 0.5237084217975938 0.7292191435768262 0.008492569002123142 0.0163727959697733
0 0.56758669497523 0.7997481108312342 0.00778485491861288 0.0163727959697733
0 0.564755838641189 0.8413098236775819 0.009200283085633405 0.022670025188916875
0 0.5010615711252654 0.8387909319899244 0.012031139419674451 0.018891687657430732
0 0.37367303609341823 0.9105793450881612 0.00778485491861288 0.021410579345088162
0 0.3651804670912951 0.9596977329974811 0.012738853503184714 0.021410579345088162
0 0.25548478414720455 0.9156171284634761 0.012031139419674451 0.018891687657430732
0 0.21089879688605803 0.9861460957178841 0.01132342533616419 0.027707808564231738
0 0.35456475583864117 0.9886649874055415 0.009200283085633405 0.021410579345088162
0 0.39278131634819535 0.9798488664987406 0.009907997169143666 0.018891687657430732
0 0.2625619249823071 0.8047858942065491 0.008492569002123142 0.015113350125944584
0 0.16206652512384997 0.48488664987405544 0.010615711252653927 0.015113350125944584
0 0.6142958244869073 0.9710327455919395 0.012031139419674451 0.017632241813602016
0 0.04175513092710545 0.35768261964735515 0.012738853503184714 0.015113350125944584
0 0.10332625619249823 0.34634760705289674 0.008492569002123142 0.015113350125944584
0 0.09200283085633404 0.3589420654911839 0.009200283085633405 0.015113350125944584
0 0.12809624911535739 0.7329974811083123 0.009200283085633405 0.0163727959697733
0 0.021231422505307854 0.9445843828715366 0.01132342533616419 0.022670025188916875
0 0.026185421089879687 0.2052896725440806 0.01132342533616419 0.018891687657430732
