0 0.8995046001415428 0.10831234256926953 0.009907997169143666 0.018891687657430732
0 0.808209483368719 0.11083123425692695 0.012031139419674451 0.02644836272040302
0 0.897381457891012 0.12468513853904283 0.006369426751592357 0.013853904282115869
0 0.9575371549893843 0.172544080604534 0.006369426751592357 0.011335012594458438
0 0.9306440198159943 0.181360201511335 0.010615711252653927 0.013853904282115869
0 0.9617834394904459 0.1574307304785894 0.007077140835102618 0.012594458438287154
0 0.9617834394904459 0.4005037783375315 0.008492569002123142 0.017632241813602016
0 0.9794762915782024 0.3967254408060453 0.00778485491861288 0.015113350125944584
0 0.8520877565463553 0.48740554156171284 0.010615711252653927 0.017632241813602016
0 0.861995753715499 0.5163727959697733 0.009907997169143666 0.012594458438287154
0 0.9171974522292994 0.48740554156171284 0.010615711252653927 0.015113350125944584
0 0.9815994338287332 0.3602015113350126 0.005661712668082095 0.010075566750629723
0 0.8874734607218684 0.11838790931989925 0.005661712668082095 0.012594458438287154
0 0.8853503184713376 0.8576826196473551 0.005661712668082095 0.012594458438287154
0 0.937721160651097 0.853904282115869 0.007077140835102618 0.015113350125944584
0 0.9695682944090588 0.8249370277078085 0.009200283085633405 0.015113350125944584
0 0.9589525831564049 0.8337531486146096 0.00778485491861288 0.015113350125944584
0 0.8103326256192498 0.5327455919395466 0.009907997169143666 0.017632241813602016
0 0.8060863411181882 0.22670025188916876 0.010615711252653927 0.0163727959697733
0 0.9929228591648974 0.4005037783375315 0.012031139419674451 0.012594458438287154
0 0.9766454352441614 0.8967254408060453 0.010615711252653927 0.013853904282115869
0 0.9575371549893843 0.8992443324937027 0.00778485491861288 0.010075566750629723
