0 0.04526166902404526 0.690176322418136 0.010608203677510608 0.018891687657430732
0 0.057284299858557285 0.6448362720403022 0.015558698727015558 0.02644836272040302
0 0.08628005657708628 0.6788413098236776 0.014144271570014143 0.020151133501259445
0 0.07708628005657708 0.4534005037783375 0.01272984441301273 0.021410579345088162
0 0.09052333804809053 0.5226700251889169 0.010608203677510608 0.015113350125944584
0 0.06082036775106082 0.6612090680100756 0.008486562942008486 0.017632241813602016
0 0.15134370579915135 0.7644836272040302 0.007072135785007072 0.018891687657430732
0 0.12517680339462517 0.9596977329974811 0.009900990099009901 0.020151133501259445
0 0.19377652050919378 0.9911838790931989 0.009900990099009901 0.018891687657430732
0 0.16973125884016974 0.9886649874055415 0.01272984441301273 0.022670025188916875
0 0.07637906647807638 0.9445843828715366 0.016265912305516265 0.020151133501259445
