0 0.2998231132075472 0.03620385906040269 0.0033679245283018866 0.006531040268456376
0 0.2694433962264151 0.037156040268456376 0.0041320754716981135 0.008980704697986577
0 0.33678537735849057 0.038926174496644296 0.005049528301886793 0.007621644295302014
0 0.29918867924528303 0.041526845637583895 0.0022452830188679244 0.004991610738255034
0 0.31928537735849055 0.057713926174496645 0.0022264150943396227 0.004165268456375839
0 0.3102641509433962 0.0605243288590604 0.003632075471698113 0.0047902684563758385
0 0.32075 0.05250419463087248 0.002577830188679245 0.004584731543624161
0 0.32069103773584906 0.13375838926174496 0.002929245283018868 0.00625
0 0.3264316037735849 0.13240771812080537 0.0026933962264150944 0.005209731543624161
0 0.2840825471698113 0.16261744966442954 0.0037476415094339624 0.006040268456375839
0 0.2873632075471698 0.17199244966442953 0.0035141509433962263 0.0043749999999999995
0 0.305813679245283 0.16240771812080537 0.003632075471698113 0.005209731543624161
0 0.32714150943396225 0.12033137583892618 0.002080188679245283 0.003510906040268456
0 0.3372216981132075 0.12673238255033556 0.002080188679245283 0.0032256711409395975
0 0.29597641509433964 0.03983640939597315 0.002080188679245283 0.004584731543624161
0 0.3513867924528302 0.17131711409395975 0.003403301886792453 0.006270973154362416
0 0.354 0.1533724832214765 0.003525943396226415 0.006270973154362416
0 0.35071698113207544 0.15899328859060405 0.003037735849056604 0.006270973154362416
0 0.3556415094339623 0.164505033557047 0.0026745283018867923 0.006052852348993288
0 0.2951061320754717 0.2858557046979866 0.002054245283018868 0.004521812080536912
0 0.3125566037735849 0.2844672818791946 0.0025424528301886793 0.005218120805369127
0 0.32331132075471697 0.2749874161073826 0.0031273584905660377 0.005041946308724832
0 0.3197429245283019 0.27777265100671145 0.0026391509433962264 0.005041946308724832
0 0.33602122641509435 0.27081795302013423 0.00332311320754717 0.004693791946308724
0 0.34144575471698113 0.2621224832214765 0.002443396226415094 0.0039974832214765095
0 0.34638443396226415 0.2574286912751678 0.0025424528301886793 0.005041946308724832
0 0.3501485849056604 0.2779446308724832 0.0030306603773584905 0.004693791946308724
0 0.3439882075471698 0.29907298657718123 0.003617924528301887 0.005910234899328859
0 0.34418396226415093 0.2850755033557047 0.002443396226415094 0.0039974832214765095
0 0.3504905660377358 0.21926174496644296 0.002738207547169811 0.005218120805369127
0 0.37185141509433967 0.2178691275167785 0.0026391509433962264 0.005218120805369127
0 0.37786556603773586 0.21065436241610738 0.00332311320754717 0.0060864093959731545
0 0.3779127358490566 0.23039010067114093 0.0028349056603773582 0.005910234899328859
0 0.37243867924528307 0.23899748322147651 0.002443396226415094 0.0060864093959731545
0 0.36789150943396226 0.2690771812080537 0.00332311320754717 0.005738255033557047
0 0.37879245283018864 0.2599496644295302 0.0030306603773584905 0.006606543624161074
0 0.36583962264150943 0.2602978187919463 0.0021509433962264147 0.004521812080536912
0 0.38573349056603773 0.2697734899328859 0.0032264150943396228 0.0060864093959731545
0 0.3815306603773585 0.2767281879194631 0.0026391509433962264 0.004345637583892617
0 0.3888632075471698 0.2749035234899329 0.0030306603773584905 0.0062583892617449665
0 0.4118867924528302 0.27829278523489936 0.00332311320754717 0.0060864093959731545
0 0.4070471698113208 0.2826384228187919 0.002443396226415094 0.005041946308724832
0 0.4131084905660377 0.28933305369127515 0.0026391509433962264 0.005218120805369127
0 0.38637028301886794 0.1880494966442953 0.002738207547169811 0.00539010067114094
0 0.3897429245283019 0.15518456375838927 0.0032264150943396228 0.0060864093959731545
0 0.3940448113207547 0.16057885906040267 0.0028349056603773582 0.00539010067114094
0 0.4005471698113207 0.15361996644295303 0.002346698113207547 0.00678271812080537
0 0.3842688679245283 0.14605704697986577 0.0034221698113207546 0.005910234899328859
0 0.382997641509434 0.15301174496644293 0.0026391509433962264 0.006606543624161074
0 0.379625 0.12910654362416107 0.0035188679245283017 0.004345637583892617
0 0.3912099056603774 0.21439177852348995 0.003617924528301887 0.005910234899328859
0 0.3923325471698113 0.11771392617449664 0.0025424528301886793 0.005562080536912752
0 0.4063632075471698 0.12449664429530202 0.0030306603773584905 0.005562080536912752
0 0.4096391509433962 0.10884647651006711 0.002738207547169811 0.005562080536912752
0 0.4193160377358491 0.11832634228187919 0.002346698113207547 0.005041946308724832
0 0.42889858490566035 0.12545302013422818 0.0025424528301886793 0.005738255033557047
0 0.4072924528301887 0.1496224832214765 0.0021509433962264147 0.005041946308724832
0 0.4165306603773585 0.14658137583892616 0.0034221698113207546 0.0038255033557046975
0 0.4249882075471698 0.14901426174496643 0.002738207547169811 0.0062583892617449665
0 0.4412665094339623 0.1509270134228188 0.0034221698113207546 0.00486996644295302
0 0.4135 0.061119966442953026 0.0032264150943396228 0.00539010067114094
0 0.35322641509433966 0.06103187919463087 0.001955188679245283 0.005218120805369127
0 0.36153773584905663 0.05468540268456376 0.0021509433962264147 0.0039974832214765095
0 0.3772287735849057 0.05346895973154362 0.0034221698113207546 0.00539010067114094
0 0.38035849056603777 0.048770973154362414 0.0026391509433962264 0.0039974832214765095
0 0.3828514150943396 0.04155620805369127 0.0035188679245283017 0.005562080536912752
0 0.39052594339622637 0.04268875838926174 0.0028349056603773582 0.004693791946308724
0 0.4383325471698113 0.11110738255033557 0.002247641509433962 0.005562080536912752
0 0.4515801886792453 0.14110318791946308 0.0029339622641509433 0.00539010067114094
0 0.4502099056603774 0.15023070469798658 0.002738207547169811 0.004521812080536912
0 0.3355306603773585 0.05 0.0028325471698113208 0.004106543624161073
0 0.3757075471698113 0.11343540268456376 0.0026226415094339622 0.00634228187919463
0 0.4645377358490566 0.1349035234899329 0.002919811320754717 0.004991610738255034
0 0.4607759433962264 0.13989513422818792 0.0025825471698113205 0.004991610738255034
0 0.45695990566037736 0.14448825503355703 0.0023584905660377358 0.006191275167785235
0 0.46358490566037736 0.14608640939597314 0.0023584905660377358 0.0041946308724832215
0 0.457183962264151 0.15197986577181208 0.003257075471698113 0.00639261744966443
0 0.4493231132075472 0.1677558724832215 0.0019080188679245283 0.0043917785234899335
0 0.4148702830188679 0.24010067114093958 0.0028396226415094337 0.006010906040268456
0 0.4185212264150943 0.2590981543624161 0.0031108490566037735 0.006010906040268456
0 0.4271745283018868 0.24755453020134227 0.003650943396226415 0.008414429530201342
0 0.43447641509433965 0.21822147651006712 0.0031108490566037735 0.006493288590604027
0 0.44062735849056606 0.24647231543624162 0.004056603773584905 0.009135906040268456
0 0.4278514150943396 0.26066275167785236 0.0031108490566037735 0.006732382550335571
0 0.45205188679245284 0.24238674496644297 0.004191037735849057 0.00721476510067114
0 0.44616981132075473 0.21641778523489935 0.0035141509433962263 0.00625
0 0.46002830188679245 0.23781879194630873 0.004731132075471698 0.00721476510067114
0 0.45658254716981134 0.2514052013422819 0.004867924528301887 0.006493288590604027
0 0.47564622641509435 0.24106543624161075 0.003785377358490566 0.006010906040268456
0 0.4921084905660377 0.220251677852349 0.002936320754716981 0.005037751677852349
0 0.47888915094339624 0.2549538590604027 0.002936320754716981 0.006531040268456376
0 0.4768962264150943 0.2713758389261745 0.0035660377358490564 0.008024328859060402
0 0.46970990566037735 0.2699748322147651 0.0034622641509433963 0.0059689597315436245
0 0.4585377358490566 0.2766904362416107 0.0025188679245283017 0.00634228187919463
0 0.44164858490566034 0.2731459731543624 0.0031462264150943398 0.005595637583892617
0 0.4744316037735849 0.2557005033557047 0.0030424528301886793 0.005784395973154362
0 0.4982452830188679 0.2532760067114094 0.0026226415094339622 0.004291107382550336
0 0.5049952830188679 0.23795721476510065 0.0028325471698113208 0.0045092281879194635
0 0.5119268867924529 0.2268246644295302 0.003875 0.006098993288590603
0 0.4933679245283019 0.2005746644295302 0.002535377358490566 0.006098993288590603
0 0.503877358490566 0.18864513422818793 0.003577830188679245 0.0045092281879194635
0 0.4987334905660378 0.16425335570469798 0.002535377358490566 0.006098993288590603
0 0.49269811320754714 0.17048238255033557 0.002087264150943396 0.0053020134228187925
0 0.496497641509434 0.17114513422818792 0.003129716981132075 0.006098993288590603
0 0.4939646226415094 0.1623951342281879 0.0028325471698113208 0.005037751677852349
0 0.5205 0.18798238255033556 0.003129716981132075 0.009014261744966442
0 0.534438679245283 0.21794043624161075 0.0029811320754716984 0.006363255033557047
0 0.5477806603773585 0.16849412751677853 0.003129716981132075 0.006098993288590603
0 0.5597075471698113 0.18957214765100672 0.0043231132075471695 0.007424496644295302
0 0.5676084905660377 0.19103187919463088 0.004025943396226415 0.00821728187919463
0 0.5577688679245283 0.17061661073825504 0.003429245283018868 0.007160234899328859
0 0.5231084905660377 0.06323406040268456 0.0032806603773584907 0.00662751677852349
0 0.5173702830188679 0.08696308724832215 0.0043231132075471695 0.007953020134228187
0 0.5491957547169811 0.06601929530201342 0.003875 0.007953020134228187
0 0.542191037735849 0.06283557046979867 0.003577830188679245 0.007424496644295302
0 0.5125990566037736 0.06190855704697987 0.0043231132075471695 0.007688758389261744
0 0.5010448113207546 0.06986157718120806 0.003577830188679245 0.007688758389261744
0 0.5152075471698113 0.0796728187919463 0.0029811320754716984 0.005566275167785234
0 0.4791320754716981 0.08895134228187919 0.0029811320754716984 0.006098993288590603
0 0.5457688679245283 0.15245385906040268 0.0029811320754716984 0.006363255033557047
0 0.5725283018867925 0.06668204697986577 0.004025943396226415 0.007688758389261744
0 0.5863160377358491 0.07013003355704697 0.00477122641509434 0.007688758389261744
0 0.593995283018868 0.07105704697986577 0.004025943396226415 0.006891778523489933
0 0.6144174528301887 0.07370805369127517 0.0028325471698113208 0.005834731543624161
0 0.6101698113207547 0.0845763422818792 0.003577830188679245 0.006363255033557047
0 0.624181603773585 0.08219379194630871 0.00477122641509434 0.006363255033557047
0 0.6249268867924529 0.0902768456375839 0.004174528301886792 0.009278523489932886
0 0.6386415094339623 0.09041107382550335 0.003577830188679245 0.006891778523489933
0 0.6424433962264151 0.06906879194630873 0.0037264150943396228 0.006098993288590603
0 0.6221698113207547 0.12262583892617449 0.003429245283018868 0.009278523489932886
0 0.6173254716981132 0.1317743288590604 0.0032806603773584907 0.006363255033557047
0 0.5930259433962264 0.14900587248322147 0.0029811320754716984 0.0053020134228187925
0 0.6010754716981132 0.161996644295302 0.004471698113207547 0.006363255033557047
0 0.5838561320754717 0.19540687919463087 0.004025943396226415 0.006891778523489933
0 0.6083797169811321 0.18029362416107383 0.00477122641509434 0.008485738255033556
0 0.623063679245283 0.1676971476510067 0.004620283018867925 0.00662751677852349
0 0.5736462264150944 0.2203271812080537 0.003875 0.007953020134228187
0 0.5659669811320754 0.2369001677852349 0.004919811320754717 0.006098993288590603
0 0.5493466981132076 0.23159395973154362 0.0029811320754716984 0.00662751677852349
0 0.6171745283018868 0.2229781879194631 0.004471698113207547 0.006363255033557047
0 0.6150141509433962 0.2001761744966443 0.003429245283018868 0.007953020134228187
0 0.605995283018868 0.2582424496644295 0.003875 0.007424496644295302
0 0.5997334905660378 0.27335570469798653 0.004174528301886792 0.007424496644295302
0 0.5949622641509433 0.28753775167785234 0.003875 0.007160234899328859
0 0.5851981132075471 0.30490771812080536 0.0037264150943396228 0.0053020134228187925
0 0.5890754716981131 0.306761744966443 0.003429245283018868 0.006891778523489933
0 0.5987641509433963 0.30623322147651005 0.0037264150943396228 0.006891778523489933
0 0.6191886792452831 0.3059647651006711 0.004025943396226415 0.009542785234899329
0 0.6061438679245283 0.321875 0.004471698113207547 0.0053020134228187925
0 0.6088278301886793 0.3296979865771812 0.005365566037735849 0.008749999999999999
0 0.5819198113207548 0.3379152684563759 0.0043231132075471695 0.00821728187919463
0 0.5849009433962264 0.31471476510067115 0.0043231132075471695 0.006891778523489933
0 0.5895212264150944 0.3555453020134228 0.0028325471698113208 0.005834731543624161
0 0.56075 0.3680075503355705 0.0043231132075471695 0.005834731543624161
0 0.5544150943396225 0.3856417785234899 0.003875 0.007160234899328859
0 0.5512099056603774 0.39558305369127517 0.003429245283018868 0.006891778523489933
0 0.5447995283018867 0.41612835570469797 0.003129716981132075 0.005566275167785234
0 0.5380165094339623 0.420503355704698 0.0032806603773584907 0.0053020134228187925
0 0.5395070754716982 0.43575083892617444 0.0032806603773584907 0.007160234899328859
0 0.5717075471698113 0.4034018456375839 0.004174528301886792 0.006098993288590603
0 0.5812476415094339 0.41003355704697986 0.005365566037735849 0.007160234899328859
0 0.5911627358490567 0.3772860738255034 0.0028325471698113208 0.006363255033557047
0 0.5746155660377358 0.4464890939597316 0.004025943396226415 0.004773489932885906
0 0.5734952830188679 0.4527181208053691 0.005365566037735849 0.007160234899328859
0 0.5674599056603774 0.45775587248322147 0.003129716981132075 0.00662751677852349
0 0.6034599056603773 0.4279278523489933 0.004174528301886792 0.0053020134228187925
0 0.6094245283018868 0.4407885906040268 0.003577830188679245 0.005037751677852349
0 0.5856462264150943 0.31948825503355704 0.002535377358490566 0.005834731543624161
0 0.6238844339622641 0.30795302013422815 0.004174528301886792 0.007688758389261744
0 0.6486297169811321 0.26791946308724834 0.0032806603773584907 0.007160234899328859
0 0.6817264150943396 0.2298741610738255 0.003577830188679245 0.006363255033557047
0 0.654818396226415 0.21396392617449664 0.0037264150943396228 0.006891778523489933
0 0.6490778301886793 0.20481543624161072 0.004174528301886792 0.006098993288590603
0 0.6856768867924529 0.2150251677852349 0.005216981132075472 0.009014261744966442
0 0.6954410377358491 0.2264261744966443 0.00477122641509434 0.006891778523489933
0 0.6405070754716982 0.16305788590604028 0.0037264150943396228 0.007424496644295302
0 0.6922358490566037 0.15125838926174498 0.0043231132075471695 0.007160234899328859
0 0.6967877358490566 0.17447147651006711 0.0035872641509433964 0.005184563758389262
0 0.6869221698113208 0.22043204697986576 0.0029150943396226412 0.006182885906040269
0 0.7170235849056603 0.2550293624161074 0.002577830188679245 0.00638003355704698
0 0.6458490566037736 0.2785864093959731 0.0025023584905660375 0.005385906040268456
0 0.49871698113207547 0.23271392617449663 0.0031226415094339622 0.004442114093959731
0 0.5078514150943396 0.24312919463087249 0.0029669811320754717 0.005830536912751678
0 0.5224528301886792 0.26673238255033555 0.002811320754716981 0.005830536912751678
0 0.5216698113207547 0.2802013422818792 0.0031226415094339622 0.007776845637583892
0 0.5002806603773585 0.2796476510067114 0.0040589622641509435 0.006665268456375839
0 0.45796462264150944 0.30338926174496644 0.002811320754716981 0.0075
0 0.45499764150943395 0.31991191275167785 0.004372641509433962 0.007218959731543625
0 0.41854009433962264 0.30519714765100675 0.004216981132075471 0.006665268456375839
0 0.4035495283018868 0.33074244966442956 0.003903301886792453 0.009442114093959732
0 0.40253537735849054 0.35073825503355704 0.004372641509433962 0.007776845637583892
0 0.45164150943396225 0.3296308724832215 0.003278301886792453 0.007218959731543625
0 0.4643679245283019 0.3265771812080537 0.0034339622641509433 0.006665268456375839
0 0.45148584905660377 0.3428229865771812 0.003903301886792453 0.006942114093959732
0 0.4340754716981132 0.358376677852349 0.005308962264150944 0.0075
0 0.41408962264150945 0.36670721476510065 0.0034339622641509433 0.004718959731543624
0 0.40550235849056604 0.3708724832214765 0.0037476415094339624 0.0075
0 0.3993325471698113 0.3776761744966443 0.004528301886792453 0.007218959731543625
0 0.38660849056603774 0.35240352348993287 0.004683962264150943 0.00610738255033557
0 0.406438679245283 0.38697986577181204 0.0037476415094339624 0.008053691275167784
0 0.4069056603773585 0.39517197986577185 0.0034339622641509433 0.009442114093959732
0 0.39730424528301883 0.4004488255033557 0.004216981132075471 0.007218959731543625
0 0.3912146226415094 0.3901719798657718 0.004216981132075471 0.007776845637583892
0 0.38442216981132077 0.3939219798657718 0.0037476415094339624 0.00860738255033557
0 0.3759127358490566 0.4007256711409396 0.004528301886792453 0.007218959731543625
0 0.3843443396226415 0.416136744966443 0.003903301886792453 0.0075
0 0.3943372641509434 0.41155620805369125 0.003278301886792453 0.007218959731543625
0 0.40011320754716984 0.41322147651006713 0.004216981132075471 0.008330536912751678
0 0.4021438679245283 0.4250251677852349 0.004528301886792453 0.005830536912751678
0 0.3927759433962264 0.4257172818791946 0.003591981132075472 0.008888422818791947
0 0.3892617924528302 0.42919043624161074 0.0037476415094339624 0.006388422818791946
0 0.38278301886792454 0.4248867449664429 0.003903301886792453 0.00610738255033557
0 0.3798938679245283 0.4316904362416108 0.004372641509433962 0.006388422818791946
0 0.38613915094339624 0.4365478187919463 0.0034339622641509433 0.005
0 0.39519575471698115 0.43613255033557047 0.0031226415094339622 0.006942114093959732
0 0.3992547169811321 0.43863255033557047 0.002497641509433962 0.006388422818791946
0 0.39105896226415093 0.44598993288590605 0.003591981132075472 0.005
0 0.3864528301886792 0.449878355704698 0.0034339622641509433 0.005553691275167786
0 0.39745990566037737 0.4455746644295302 0.003591981132075472 0.005830536912751678
0 0.4051108490566038 0.4496015100671141 0.004216981132075471 0.005553691275167786
0 0.4017547169811321 0.45168204697986575 0.002811320754716981 0.006388422818791946
0 0.39410377358490567 0.45668204697986575 0.0040589622641509435 0.0075
0 0.3997240566037736 0.4627894295302013 0.0037476415094339624 0.006942114093959732
0 0.386061320754717 0.4651510067114094 0.0026533018867924527 0.005553691275167786
0 0.39176179245283016 0.4698741610738255 0.0037476415094339624 0.00610738255033557
0 0.38418867924528305 0.4779278523489933 0.004216981132075471 0.00610738255033557
0 0.3894174528301887 0.481119966442953 0.0037476415094339624 0.0075
0 0.38895047169811325 0.49028523489932885 0.0037476415094339624 0.005830536912751678
0 0.39090094339622644 0.49930788590604025 0.003278301886792453 0.005
0 0.3805188679245283 0.4965310402684564 0.002811320754716981 0.005
0 0.3693537735849056 0.4133598993288591 0.003591981132075472 0.006942114093959732
0 0.3656061320754717 0.42141359060402683 0.0023419811320754716 0.005830536912751678
0 0.36029716981132076 0.4139135906040268 0.003278301886792453 0.006942114093959732
0 0.3527240566037736 0.4155830536912752 0.0040589622641509435 0.0075
0 0.357252358490566 0.42057885906040265 0.002811320754716981 0.006388422818791946
0 0.3559268867924529 0.43710570469798654 0.004528301886792453 0.007218959731543625
0 0.3530377358490566 0.4407130872483222 0.0037476415094339624 0.006665268456375839
0 0.3606108490566038 0.4466862416107383 0.0029669811320754717 0.006388422818791946
0 0.3523349056603774 0.4529320469798658 0.004216981132075471 0.006665268456375839
0 0.3343066037735849 0.4011703020134228 0.003931603773584906 0.009320469798657718
0 0.2981698113207547 0.37456795302013424 0.0032759433962264153 0.00660234899328859
0 0.2988231132075472 0.3821434563758389 0.005459905660377358 0.010872483221476511
0 0.28168160377358487 0.3902978187919463 0.005240566037735849 0.008544463087248322
0 0.2714198113207547 0.36000419463087246 0.003056603773584906 0.006992449664429531
0 0.24478066037735846 0.35728607382550337 0.004367924528301887 0.007768456375838926
0 0.27600471698113205 0.4036954697986577 0.003931603773584906 0.00660234899328859
0 0.27240330188679246 0.39612416107382553 0.004148584905660378 0.007768456375838926
0 0.271747641509434 0.4184521812080537 0.005021226415094339 0.00660234899328859
0 0.27502358490566037 0.42233640939597317 0.005021226415094339 0.007378355704697986
0 0.3020990566037736 0.4048615771812081 0.005459905660377358 0.010486577181208054
0 0.3120353773584906 0.4081627516778523 0.003056603773584906 0.0062122483221476515
0 0.29674764150943395 0.4375209731543624 0.004367924528301887 0.008544463087248322
0 0.3009929245283019 0.44120385906040266 0.002879716981132076 0.004966442953020134
0 0.30649056603773583 0.4384857382550335 0.002705188679245283 0.00388003355704698
0 0.31648113207547174 0.4393414429530202 0.0029669811320754717 0.004656040268456375
0 0.3214127358490566 0.44617030201342284 0.0025306603773584905 0.004656040268456375
0 0.327563679245283 0.4398070469798658 0.002443396226415094 0.005276845637583892
0 0.326125 0.44554949664429533 0.0030542452830188676 0.004966442953020134
0 0.32080188679245286 0.4627726510067114 0.003403301886792453 0.007139261744966443
0 0.3228962264150943 0.47441275167785235 0.003403301886792453 0.005276845637583892
0 0.2705542452830189 0.44790687919463085 0.00219811320754717 0.00338506711409396
0 0.26708490566037735 0.47778523489932884 0.0020235849056603776 0.004429530201342282
0 0.2651014150943396 0.4861577181208054 0.002257075471698113 0.003183724832214765
0 0.22879009433962266 0.5659773489932886 0.003349056603773585 0.007944630872483222
0 0.28414622641509435 0.5918666107382551 0.004707547169811321 0.006698825503355705
0 0.27661556603773585 0.5779152684563759 0.0034528301886792455 0.007256711409395974
0 0.27449764150943395 0.5579656040268457 0.003608490566037736 0.006417785234899329
0 0.25268867924528304 0.5939597315436241 0.004863207547169812 0.007533557046979866
0 0.2901981132075472 0.5961325503355704 0.0034528301886792455 0.00575503355704698
0 0.2964551886792453 0.595364932885906 0.0030212264150943397 0.0049874161073825505
0 0.3025495283018868 0.6154152684563758 0.0033443396226415095 0.005562080536912752
0 0.3364787735849057 0.6332592281879195 0.0030212264150943397 0.0063296979865771815
0 0.3413867924528302 0.6267365771812081 0.0035589622641509435 0.005180369127516778
0 0.3447853773584906 0.616371644295302 0.0034528301886792455 0.005562080536912752
0 0.34864622641509435 0.4578104026845638 0.0031037735849056606 0.006703020134228188
0 0.34936556603773583 0.4710192953020135 0.0027712264150943394 0.004337248322147651
0 0.35280188679245283 0.4611619127516779 0.0025495283018867926 0.005125838926174497
0 0.35424292452830186 0.46806208053691273 0.003214622641509434 0.005125838926174497
0 0.3583466981132076 0.4555411073825503 0.0027712264150943394 0.004928691275167785
0 0.3587334905660377 0.46155620805369124 0.002660377358490566 0.004337248322147651
0 0.3593443396226415 0.4751593959731544 0.003214622641509434 0.004337248322147651
0 0.34856367924528303 0.4863926174496644 0.003417452830188679 0.005453020134228188
0 0.34278301886792456 0.4956627516778524 0.002365566037735849 0.004362416107382551
0 0.34952830188679246 0.497613255033557 0.003591981132075472 0.005763422818791946
0 0.3439198113207547 0.4990142617449665 0.0027169811320754715 0.004832214765100671
0 0.3524622641509434 0.5032214765100671 0.0026273584905660377 0.0038968120805369126
0 0.36503537735849056 0.49651845637583897 0.003417452830188679 0.004207214765100671
0 0.3533396226415095 0.4786031879194631 0.0024528301886792454 0.003582214765100671
0 0.35241509433962265 0.509991610738255 0.0019339622641509433 0.0033389261744966444
0 0.34429245283018867 0.5173112416107383 0.0022641509433962265 0.004421140939597315
0 0.3535754716981132 0.521883389261745 0.0017122641509433963 0.003145973154362416
0 0.347747641509434 0.5344085570469799 0.002431603773584906 0.0046182885906040265
0 0.35736084905660376 0.5344588926174497 0.0015471698113207547 0.003733221476510067
0 0.37032075471698117 0.4822818791946309 0.002577830188679245 0.004786073825503356
0 0.37598113207547174 0.4889597315436242 0.002242924528301887 0.0037877516778523487
0 0.37536556603773585 0.47081795302013424 0.002129716981132075 0.004186241610738255
0 0.37760613207547167 0.47659815436241615 0.0019056603773584906 0.002990771812080537
0 0.3774952830188679 0.45765939597315436 0.002577830188679245 0.004584731543624161
0 0.3863514150943396 0.456761744966443 0.003474056603773585 0.005981543624161074
0 0.3744693396226415 0.4409102348993289 0.002577830188679245 0.0037877516778523487
0 0.3707122641509434 0.5041107382550335 0.0029150943396226412 0.004584731543624161
0 0.3791768867924528 0.5058053691275167 0.004148584905660378 0.004786073825503356
0 0.38534198113207546 0.5020176174496644 0.0028018867924528303 0.003590604026845638
0 0.3649952830188679 0.5094924496644295 0.0029150943396226412 0.003389261744966443
0 0.3692547169811321 0.5116862416107382 0.002242924528301887 0.005381711409395973
0 0.37340330188679244 0.5118875838926175 0.0026910377358490565 0.004983221476510068
0 0.369311320754717 0.5211577181208054 0.0028018867924528303 0.005981543624161074
0 0.3819787735849056 0.5273364093959731 0.00325 0.004786073825503356
0 0.3890424528301887 0.5257424496644295 0.00325 0.005981543624161074
0 0.3892665094339623 0.5162709731543624 0.002577830188679245 0.004584731543624161
0 0.3972806603773585 0.5143791946308724 0.003363207547169811 0.00638003355704698
0 0.3938066037735849 0.518368288590604 0.0026910377358490565 0.00438758389261745
0 0.3707688679245283 0.49473993288590606 0.0028018867924528303 0.0037877516778523487
0 0.36656603773584906 0.4876635906040268 0.0031391509433962264 0.004786073825503356
0 0.38752830188679244 0.46882130872483224 0.0029150943396226412 0.004584731543624161
0 0.3505943396226415 0.5517072147651007 0.002561320754716981 0.005381711409395973
0 0.34547405660377356 0.5421812080536913 0.003025943396226415 0.004966442953020134
0 0.34599764150943396 0.5519127516778524 0.003375 0.0045553691275167785
0 0.3554268867924528 0.5447692953020135 0.003375 0.006417785234899329
0 0.3631084905660377 0.5484983221476509 0.003143867924528302 0.006417785234899329
0 0.37090801886792457 0.5449790268456376 0.003608490566037736 0.00600251677852349
0 0.37754245283018867 0.5485989932885905 0.00267688679245283 0.005796979865771813
0 0.3863301886792453 0.5359731543624161 0.003724056603773585 0.006623322147651006
0 0.39057783018867925 0.543116610738255 0.004073113207547169 0.004345637583892617
0 0.3966320754716981 0.5353523489932885 0.0038419811320754716 0.005796979865771813
0 0.4016933962264151 0.5307969798657718 0.003025943396226415 0.005796979865771813
0 0.4025094339622642 0.5155830536912752 0.003259433962264151 0.0055914429530201345
0 0.4091438679245283 0.5172357382550336 0.003724056603773585 0.00600251677852349
0 0.41956132075471697 0.5052307046979866 0.003375 0.006833053691275168
0 0.41391745283018866 0.5051258389261745 0.003724056603773585 0.005796979865771813
0 0.3490825471698113 0.5663003355704698 0.0034929245283018867 0.0055914429530201345
0 0.3416910377358491 0.5751006711409395 0.004540094339622641 0.005381711409395973
0 0.3469858490566038 0.5793414429530201 0.003259433962264151 0.003934563758389262
0 0.343436320754717 0.5847273489932886 0.0038419811320754716 0.004760906040268457
0 0.35955896226415096 0.580276845637584 0.003957547169811321 0.005381711409395973
0 0.36630896226415094 0.5817239932885906 0.003724056603773585 0.004966442953020134
0 0.3664245283018868 0.5682676174496645 0.0034929245283018867 0.0062122483221476515
0 0.3728278301886792 0.5702348993288591 0.003259433962264151 0.00600251677852349
0 0.37934669811320754 0.5693036912751678 0.003724056603773585 0.005796979865771813
0 0.37486556603773585 0.5824496644295302 0.003143867924528302 0.004760906040268457
0 0.3889481132075472 0.572613255033557 0.003375 0.0062122483221476515
0 0.3740495283018868 0.5565729865771811 0.003608490566037736 0.0051761744966442955
0 0.40646698113207547 0.5511870805369128 0.003957547169811321 0.007244127516778523
0 0.3994834905660377 0.5589513422818791 0.004191037735849057 0.005796979865771813
0 0.39319811320754716 0.5545008389261745 0.003724056603773585 0.00600251677852349
0 0.38929716981132073 0.5552265100671141 0.002910377358490566 0.007038590604026846
0 0.40332311320754716 0.5830704697986577 0.003259433962264151 0.006417785234899329
0 0.40047169811320754 0.5835864093959732 0.003375 0.005381711409395973
0 0.3979127358490566 0.5926971476510067 0.0038419811320754716 0.007864932885906041
0 0.3824316037735849 0.5958011744966444 0.004073113207547169 0.006623322147651006
0 0.38016037735849056 0.5953859060402685 0.002327830188679245 0.0062122483221476515
0 0.3608372641509434 0.6048070469798658 0.003259433962264151 0.0055914429530201345
0 0.3655518867924528 0.6082214765100671 0.0038419811320754716 0.006623322147651006
0 0.3787641509433962 0.6073951342281879 0.002561320754716981 0.004966442953020134
0 0.38795990566037736 0.6085318791946309 0.003724056603773585 0.006833053691275168
0 0.3980283018867925 0.6098783557046981 0.003608490566037736 0.007038590604026846
0 0.4040801886792453 0.6174328859060403 0.00477122641509434 0.008485738255033556
0 0.41106367924528303 0.620746644295302 0.004306603773584906 0.0055914429530201345
0 0.38953066037735845 0.6253020134228188 0.003375 0.0051761744966442955
0 0.38883254716981136 0.634513422818792 0.003608490566037736 0.005381711409395973
0 0.37841509433962267 0.6320302013422818 0.003259433962264151 0.004966442953020134
0 0.3670070754716981 0.6292365771812081 0.003724056603773585 0.00600251677852349
0 0.37015094339622645 0.6337877516778524 0.0020943396226415097 0.00600251677852349
0 0.3733514150943396 0.636275167785235 0.002910377358490566 0.004345637583892617
0 0.37678537735849055 0.6425880872483222 0.002561320754716981 0.0045553691275167785
0 0.3841768867924529 0.6415520134228188 0.003143867924528302 0.004966442953020134
0 0.37230424528301886 0.6440352348993289 0.00267688679245283 0.0062122483221476515
0 0.36136320754716983 0.644140100671141 0.003375 0.00600251677852349
0 0.3686367924528302 0.653871644295302 0.003025943396226415 0.00600251677852349
0 0.3779481132075472 0.6539723154362416 0.002561320754716981 0.005796979865771813
0 0.3866792452830189 0.6578020134228189 0.00465566037735849 0.006833053691275168
0 0.3909268867924528 0.6667072147651008 0.003608490566037736 0.007659395973154363
0 0.3755047169811321 0.6620469798657718 0.003259433962264151 0.0041401006711409396
0 0.3770754716981132 0.6684647651006711 0.0038419811320754716 0.0041401006711409396
0 0.37183726415094337 0.6733305369127517 0.002910377358490566 0.00600251677852349
0 0.3669504716981132 0.6664974832214765 0.00267688679245283 0.0055914429530201345
0 0.3674150943396226 0.6817156040268456 0.002910377358490566 0.005381711409395973
0 0.3685212264150943 0.6887541946308725 0.003025943396226415 0.005796979865771813
0 0.36881132075471695 0.6984815436241611 0.003143867924528302 0.007864932885906041
0 0.37433962264150944 0.6951719798657718 0.002792452830188679 0.0062122483221476515
0 0.3784716981132076 0.6915478187919464 0.003143867924528302 0.00600251677852349
0 0.3833608490566038 0.6994127516778524 0.0038419811320754716 0.0055914429530201345
0 0.3805683962264151 0.7043833892617449 0.00267688679245283 0.006833053691275168
0 0.37525471698113205 0.705868288590604 0.0025448113207547167 0.00388003355704698
0 0.3766014150943396 0.7164723154362416 0.0023254716981132074 0.004911912751677853
0 0.37798113207547174 0.728498322147651 0.0034905660377358492 0.006208053691275168
0 0.38488915094339626 0.7217072147651007 0.002617924528301887 0.004786073825503356
0 0.3939764150943396 0.7370931208053692 0.0030542452830188676 0.00401006711409396
0 0.4075707547169811 0.705868288590604 0.0030542452830188676 0.004395973154362416
0 0.3984834905660377 0.6816904362416107 0.0030542452830188676 0.005687919463087249
0 0.3594811320754717 0.681363255033557 0.0015613207547169811 0.0038003355704697987
0 0.3627264150943396 0.6858221476510067 0.002136792452830189 0.004236577181208054
0 0.35623349056603776 0.6967827181208054 0.0031226415094339622 0.005113255033557047
0 0.3611650943396226 0.7287877516778524 0.0023018867924528303 0.005113255033557047
0 0.3729575471698113 0.7369001677852349 0.0030400943396226418 0.004677013422818792
0 0.3615754716981132 0.738871644295302 0.003615566037735849 0.005113255033557047
0 0.38512028301886797 0.7358053691275168 0.0035330188679245284 0.004236577181208054
0 0.38080424528301887 0.752613255033557 0.0026297169811320756 0.004823825503355705
0 0.38228301886792454 0.752613255033557 0.0031226415094339622 0.005700503355704698
0 0.3873797169811321 0.7546602348993288 0.002136792452830189 0.003947147651006712
0 0.3913231132075472 0.7593330536912751 0.0031226415094339622 0.005700503355704698
0 0.38475 0.7670805369127517 0.0029575471698113204 0.0068708053691275165
0 0.37410849056603773 0.7650335570469798 0.0030400943396226418 0.006283557046979866
0 0.3718891509433962 0.7739513422818791 0.0030400943396226418 0.004823825503355705
0 0.36597169811320757 0.7719756711409397 0.0035330188679245284 0.005260067114093959
0 0.3602617924528302 0.7679572147651006 0.002794811320754717 0.004823825503355705
0 0.34047405660377356 0.7543330536912751 0.003099056603773585 0.00475251677852349
0 0.3194764150943396 0.7571854026845638 0.003205188679245283 0.00475251677852349
0 0.32551415094339625 0.7529110738255034 0.003525943396226415 0.006459731543624161
0 0.3282924528301887 0.7382760067114094 0.0033113207547169807 0.004941275167785235
0 0.3180872641509434 0.7283011744966443 0.002563679245283019 0.005511744966442953
0 0.31450943396226416 0.726493288590604 0.003525943396226415 0.0038003355704697987
0 0.3236438679245283 0.7160444630872483 0.003205188679245283 0.004941275167785235
0 0.33010849056603775 0.7193708053691276 0.0033113207547169807 0.005511744966442953
0 0.31600471698113203 0.6980872483221476 0.003525943396226415 0.006652684563758389
0 0.3358254716981132 0.6565645973154363 0.0029929245283018867 0.005322986577181208
0 0.3317122641509434 0.6490562080536912 0.003525943396226415 0.0058892617449664425
0 0.3061155660377359 0.6253733221476511 0.002634433962264151 0.00488255033557047
0 0.26688679245283015 0.8306627516778523 0.003672169811320755 0.006531040268456376
0 0.2706202830188679 0.8209731543624161 0.0028160377358490566 0.004572147651006712
0 0.2760070754716981 0.8189052013422818 0.0028160377358490566 0.005662751677852349
0 0.28812735849056603 0.8319714765100672 0.0033066037735849057 0.0047902684563758385
0 0.2779056603773585 0.8412248322147651 0.003917452830188679 0.007185402684563758
0 0.30642924528301885 0.8194505033557047 0.002938679245283019 0.004135906040268456
0 0.3228962264150943 0.837630033557047 0.0035495283018867926 0.004354026845637584
0 0.2706202830188679 0.7914723154362415 0.0033066037735849057 0.005226510067114094
0 0.25935849056603777 0.7383431208053691 0.0035495283018867926 0.006531040268456376
0 0.2747216981132075 0.7332256711409396 0.0031839622641509436 0.004572147651006712
0 0.2569716981132075 0.7244085570469798 0.003672169811320755 0.0047902684563758385
0 0.2782806603773585 0.8527642617449664 0.0022523584905660378 0.004651845637583893
0 0.3808679245283019 0.3958934563758389 0.0028537735849056604 0.005557885906040268
0 0.35376415094339625 0.6099706375838927 0.0035330188679245284 0.004588926174496644
0 0.3440518867924528 0.6371518456375839 0.004212264150943396 0.005314597315436241
0 0.3565495283018868 0.619635067114094 0.0033962264150943396 0.006040268456375839
0 0.37271698113207546 0.5954739932885905 0.0033962264150943396 0.00652265100671141
0 0.4747806603773585 0.3850461409395973 0.004537735849056603 0.007399328859060403
0 0.44292216981132077 0.39008808724832217 0.004726415094339622 0.006723993288590605
0 0.42978066037735846 0.3700796979865772 0.005672169811320755 0.008406040268456375
0 0.4814929245283019 0.37916107382550335 0.004349056603773585 0.007063758389261745
0 0.504372641509434 0.3742827181208054 0.0054834905660377355 0.008741610738255034
0 0.5080589622641509 0.4397273489932886 0.0040542452830188685 0.0074286912751677855
0 0.514997641509434 0.44081795302013427 0.00294811320754717 0.0074286912751677855
0 0.5049268867924528 0.4053229865771812 0.003683962264150943 0.0058976510067114095
0 0.5113136792452829 0.459496644295302 0.003929245283018868 0.008083053691275167
0 0.420936320754717 0.26818372483221475 0.0028962264150943396 0.00536493288590604
0 0.3874481132075472 0.16161912751677854 0.003740566037735849 0.0051510067114093954
0 0.5714834905660378 0.37507550335570466 0.0035141509433962263 0.0058179530201342275
0 0.5777216981132075 0.38250838926174496 0.0031509433962264148 0.005604026845637584
0 0.5812971698113207 0.5035109060402684 0.004483490566037736 0.0058179530201342275
0 0.5556084905660378 0.5234437919463087 0.003028301886792453 0.005171979865771812
0 0.5582759433962264 0.5349748322147652 0.0035141509433962263 0.0066820469798657715
0 0.5357382075471698 0.5307718120805369 0.004726415094339622 0.005604026845637584
0 0.612558962264151 0.49919882550335565 0.003997641509433962 0.00710989932885906
0 0.6765306603773584 0.43801174496644296 0.004488207547169811 0.006606543624161074
0 0.6792382075471698 0.4290645973154362 0.004023584905660377 0.007432885906040268
0 0.6906155660377359 0.4326426174496645 0.00325 0.006883389261744966
0 0.6960330188679245 0.4399370805369127 0.0038702830188679246 0.0077097315436241605
0 0.6889905660377359 0.4604488255033557 0.00557311320754717 0.00798238255033557
0 0.6911580188679246 0.48632550335570474 0.004334905660377358 0.006333892617449664
0 0.7028443396226415 0.5327181208053692 0.005417452830188679 0.008808724832214765
0 0.6898419811320754 0.5206040268456376 0.003561320754716981 0.006606543624161074
0 0.6597334905660377 0.6022315436241611 0.004334905660377358 0.006333892617449664
0 0.6385283018867924 0.598653523489933 0.003714622641509434 0.006883389261744966
0 0.6545495283018867 0.6111786912751678 0.0038702830188679246 0.006606543624161074
0 0.633497641509434 0.6124161073825504 0.00325 0.006333892617449664
0 0.6317169811320755 0.6155830536912752 0.002785377358490566 0.00550755033557047
0 0.6154622641509434 0.6015436241610738 0.0034056603773584904 0.006057046979865772
0 0.6035448113207548 0.6070511744966444 0.003714622641509434 0.007156040268456375
0 0.6030801886792453 0.6374706375838927 0.0034056603773584904 0.007432885906040268
0 0.6397665094339623 0.6655536912751678 0.003714622641509434 0.00798238255033557
0 0.6940990566037736 0.5639639261744966 0.0034056603773584904 0.006883389261744966
0 0.6865141509433963 0.5975503355704698 0.004334905660377358 0.007432885906040268
0 0.5600424528301886 0.5870553691275168 0.0028042452830188682 0.0048154362416107386
0 0.5600424528301886 0.6115604026845638 0.0031910377358490565 0.0049874161073825505
0 0.5641533018867925 0.5863674496644296 0.0015471698113207547 0.0037835570469798656
0 0.5694221698113208 0.5895469798657719 0.0026108490566037735 0.005331375838926175
0 0.5600919811320755 0.5665058724832215 0.0027075471698113206 0.004643456375838927
0 0.4298867924528302 0.49861996644295303 0.0035731132075471697 0.0074748322147651005
0 0.45899528301886794 0.5055369127516779 0.0037830188679245282 0.006354865771812081
0 0.45552594339622643 0.5414177852348994 0.003992924528301887 0.007848154362416107
0 0.45337735849056604 0.5509312080536913 0.005254716981132075 0.007101510067114094
0 0.46882547169811317 0.5809228187919463 0.004318396226415094 0.007885906040268457
0 0.45598820754716984 0.5619295302013423 0.0031509433962264148 0.003942953020134228
0 0.4468867924528302 0.5724119127516779 0.0040849056603773585 0.00664010067114094
0 0.4737830188679245 0.5894295302013423 0.0027995283018867924 0.004567953020134228
0 0.4778679245283019 0.5915058724832215 0.003033018867924528 0.004152684563758389
0 0.45132075471698113 0.5122231543624162 0.003617924528301887 0.0062248322147651
0 0.45714386792452827 0.644244966442953 0.00294811320754717 0.0055914429530201345
0 0.46352830188679245 0.6528942953020134 0.0023584905660377358 0.004718959731543624
0 0.45675 0.678758389261745 0.003339622641509434 0.006816275167785235
0 0.4659858490566038 0.6785822147651007 0.00275 0.005067114093959732
0 0.465691037735849 0.6881921140939598 0.003929245283018868 0.007512583892617449
0 0.484063679245283 0.6968414429530201 0.00275 0.004542785234899329
0 0.4926603773584906 0.6836493288590604 0.003242924528301887 0.005415268456375839
0 0.48877830188679244 0.7041820469798658 0.003339622641509434 0.005939597315436242
0 0.45311556603773584 0.7303020134228188 0.003537735849056604 0.004718959731543624
0 0.44363443396226415 0.7426216442953021 0.003044811320754717 0.0041946308724832215
0 0.412308962264151 0.7378229865771813 0.0023608490566037737 0.003875838926174497
0 0.4137617924528302 0.744123322147651 0.0023608490566037737 0.0035528523489932887
0 0.4142617924528302 0.7547860738255034 0.001544811320754717 0.004521812080536912
0 0.4172122641509434 0.7653691275167785 0.003089622641509434 0.005977348993288591
0 0.4237547169811321 0.7734479865771813 0.002905660377358491 0.005331375838926175
0 0.43142924528301885 0.7801510067114095 0.0029976415094339626 0.004844798657718121
0 0.4367877358490566 0.7843498322147652 0.0024528301886792454 0.004521812080536912
0 0.4620872641509434 0.7353187919463087 0.0032712264150943395 0.0056543624161073825
0 0.47357783018867927 0.7412164429530201 0.002089622641509434 0.004198825503355705
0 0.4524127358490566 0.7512332214765101 0.0028160377358490566 0.003875838926174497
0 0.46771933962264156 0.7620553691275168 0.002905660377358491 0.0051677852348993285
0 0.4770754716981132 0.7791820469798657 0.003089622641509434 0.0051677852348993285
0 0.4766650943396226 0.7685989932885906 0.00227122641509434 0.004039429530201343
0 0.47335141509433964 0.8091484899328859 0.0023608490566037737 0.005008389261744966
0 0.4576816037735849 0.8404907718120805 0.0033608490566037737 0.005008389261744966
0 0.4520047169811321 0.8521224832214765 0.003089622641509434 0.006300335570469799
0 0.4853867924528302 0.8372609060402685 0.0029976415094339626 0.005331375838926175
0 0.4740778301886792 0.8369379194630873 0.0025424528301886793 0.004685402684563758
0 0.4983301886792453 0.8419463087248322 0.0025424528301886793 0.005008389261744966
0 0.5078231132075471 0.7849958053691275 0.0033608490566037737 0.0051677852348993285
0 0.5056438679245283 0.7686786912751677 0.0024528301886792454 0.004198825503355705
0 0.4989221698113207 0.7964681208053691 0.0024528301886792454 0.004198825503355705
0 0.4999198113207547 0.8048699664429529 0.0033608490566037737 0.004844798657718121
0 0.5067783018867924 0.8072902684563759 0.002905660377358491 0.004521812080536912
0 0.5178608490566038 0.7963045302013423 0.0027240566037735853 0.004844798657718121
0 0.5141367924528302 0.8001048657718121 0.002179245283018868 0.004685402684563758
0 0.5230825471698113 0.7531711409395973 0.0028160377358490566 0.00549496644295302
0 0.5261627358490566 0.8478271812080537 0.0021910377358490564 0.003770973154362416
0 0.5018396226415095 0.814505033557047 0.002474056603773585 0.0040226510067114096
0 0.49696226415094336 0.8184018456375839 0.002757075471698113 0.005784395973154362
0 0.523122641509434 0.8180872483221476 0.002049528301886792 0.003141778523489933
0 0.5735707547169812 0.7629991610738255 0.0036674528301886794 0.005075503355704698
0 0.5848466981132076 0.770851510067114 0.0036674528301886794 0.005314597315436241
0 0.5973466981132075 0.7637206375838926 0.0036674528301886794 0.005557885906040268
0 0.6094410377358491 0.7542994966442953 0.004212264150943396 0.005075503355704698
0 0.6280542452830188 0.7365352348993289 0.004212264150943396 0.0072483221476510075
0 0.6400778301886793 0.7223993288590604 0.005433962264150943 0.00652265100671141
0 0.6457169811320755 0.7116484899328859 0.0036674528301886794 0.005801174496644295
0 0.544372641509434 0.8375629194630873 0.004188679245283019 0.005461409395973154
0 0.5928891509433962 0.8191904362416108 0.003768867924528302 0.005960570469798658
0 0.6025919811320755 0.847994966442953 0.004188679245283019 0.007449664429530202
0 0.617252358490566 0.8606585570469798 0.004747641509433962 0.0064555369127516785
0 0.6132028301886793 0.8247776845637583 0.003910377358490566 0.004718959731543624
0 0.588561320754717 0.8568078859060403 0.0029316037735849054 0.005713087248322147
0 0.6038490566037736 0.7856669463087248 0.004747641509433962 0.005960570469798658
0 0.6462358490566038 0.7745427852348993 0.0035047169811320755 0.0049874161073825505
0 0.6569245283018869 0.7594253355704698 0.0031556603773584906 0.0037416107382550337
0 0.6467617924528302 0.8428775167785235 0.0036792452830188677 0.004832214765100671
0 0.7122028301886792 0.854861577181208 0.0039811320754716975 0.006837248322147651
0 0.45529009433962264 0.8027558724832214 0.002922169811320755 0.004551174496644295
0 0.4423183962264151 0.794878355704698 0.0032877358490566036 0.00438758389261745
0 0.4454693396226415 0.8254194630872483 0.0042924528301886795 0.006010906040268456
0 0.3919103773584906 0.7970511744966443 0.004233490566037735 0.0077558724832214754
0 0.36439622641509434 0.8003565436241611 0.0033349056603773587 0.008439597315436241
0 0.40512028301886793 0.8395931208053691 0.004488207547169811 0.0075293624161073824
0 0.323186320754717 0.9107046979865772 0.004004716981132076 0.00511744966442953
0 0.33037971698113205 0.9104823825503356 0.003377358490566038 0.004672818791946309
0 0.34683490566037734 0.9079236577181207 0.004004716981132076 0.005339765100671141
0 0.35853301886792455 0.893011744966443 0.004129716981132076 0.005339765100671141
0 0.4169009433962264 0.9129278523489933 0.0037547169811320753 0.004228187919463088
0 0.5116179245283019 0.8352642617449665 0.004254716981132075 0.006006711409395973
0 0.48152594339622645 0.8164639261744967 0.0038797169811320754 0.005339765100671141
0 0.4931627358490567 0.786866610738255 0.0038797169811320754 0.005339765100671141
0 0.49516509433962264 0.7964345637583893 0.003377358490566038 0.005784395973154362
0 0.5083655660377357 0.7459186241610738 0.0045047169811320755 0.005339765100671141
0 0.5266320754716981 0.6487877516778524 0.0035023584905660376 0.006451342281879195
0 0.5266320754716981 0.6687038590604027 0.004254716981132075 0.005339765100671141
0 0.5410212264150943 0.6217491610738255 0.004254716981132075 0.005784395973154362
0 0.5328891509433962 0.6254194630872483 0.0037547169811320753 0.00511744966442953
0 0.5269457547169811 0.6183011744966442 0.0038797169811320754 0.005562080536912752
0 0.522629716981132 0.5967156040268456 0.0035023584905660376 0.006006711409395973
0 0.5151202830188679 0.5581040268456375 0.0045047169811320755 0.007567114093959731
0 0.5162476415094339 0.5441988255033556 0.0032523584905660373 0.006006711409395973
0 0.5544716981132075 0.6399958053691275 0.003377358490566038 0.005339765100671141
0 0.5567853773584905 0.6315394295302013 0.0022523584905660378 0.005784395973154362
0 0.5604764150943397 0.6468959731543624 0.0038797169811320754 0.006229026845637584
0 0.5557853773584907 0.6602474832214765 0.004004716981132076 0.006677852348993289
0 0.5940660377358491 0.6642407718120805 0.003037735849056604 0.0059689597315436245
0 0.5827169811320754 0.6848531879194631 0.0036768867924528302 0.006254194630872483
0 0.6071745283018868 0.6687919463087248 0.003995283018867925 0.007105704697986577
0 0.6020589622641509 0.6945176174496644 0.003995283018867925 0.006254194630872483
0 0.6131674528301887 0.7023364093959731 0.004794811320754717 0.006539429530201342
0 0.6653584905660377 0.7078817114093959 0.005275943396226415 0.007961409395973154
0 0.5912688679245283 0.624869966442953 0.004476415094339623 0.006254194630872483
0 0.5932688679245283 0.6016988255033557 0.003995283018867925 0.007676174496644296
0 0.5804811320754717 0.6393666107382551 0.0023985849056603775 0.006824664429530202
0 0.6156462264150944 0.5719924496644295 0.005275943396226415 0.007390939597315437
0 0.7232216981132076 0.4578481543624161 0.0033561320754716983 0.006539429530201342
0 0.7393679245283019 0.46310822147651004 0.003995283018867925 0.005683724832214765
0 0.7287382075471698 0.4548615771812081 0.003837264150943396 0.006254194630872483
0 0.7356108490566037 0.3850713087248322 0.005115566037735849 0.007105704697986577
0 0.7344905660377358 0.39473573825503355 0.004794811320754717 0.007676174496644296
0 0.708436320754717 0.3198238255033557 0.0035165094339622643 0.006824664429530202
0 0.7311344339622642 0.33190855704697986 0.0035165094339622643 0.006539429530201342
0 0.7232216981132076 0.3306291946308725 0.004316037735849057 0.007961409395973154
0 0.7185070754716981 0.3343246644295302 0.005115566037735849 0.005683724832214765
0 0.6922122641509434 0.3148489932885906 0.005594339622641509 0.007105704697986577
0 0.4119245283018868 0.5684018456375839 0.0030731132075471697 0.005901845637583893
0 0.37921933962264154 0.5622818791946309 0.0035660377358490564 0.005901845637583893
0 0.36106132075471703 0.4658011744966443 0.0025943396226415093 0.0040058724832214765
0 0.41009198113207546 0.5805956375838927 0.0032641509433962265 0.004593120805369127
0 0.4149905660377358 0.5774244966442953 0.0027334905660377357 0.004454697986577181
0 0.4157877358490566 0.5593959731543624 0.0032641509433962265 0.0048615771812080535
0 0.4557547169811321 0.34518036912751676 0.0029410377358490567 0.0072231543624161065
0 0.6619339622641509 0.8182172818791946 0.003768867924528302 0.007353187919463088
0 0.5380165094339623 0.32349412751677853 0.004160377358490566 0.005876677852348993
0 0.5343466981132076 0.5764765100671141 0.002936320754716981 0.0052223154362416105
0 0.5376485849056604 0.588880033557047 0.00342688679245283 0.006526845637583893
0 0.501308962264151 0.5949748322147651 0.0031816037735849056 0.005658557046979866
0 0.5245566037735849 0.6935528523489933 0.0036698113207547173 0.007399328859060403
0 0.5328160377358491 0.7074832214765101 0.0037924528301886786 0.006526845637583893
0 0.45811556603773584 0.6194546979865772 0.0036698113207547173 0.004567953020134228
0 0.4622146226415094 0.6255494966442953 0.0030589622641509434 0.005004194630872483
0 0.4272193396226415 0.35406879194630875 0.0037924528301886786 0.006094798657718121
0 0.27016981132075474 0.17779362416107383 0.00342688679245283 0.006094798657718121
0 0.26873349056603774 0.07564177852348994 0.0036367924528301885 0.005734060402684564
0 0.3472853773584906 0.11917365771812082 0.004299528301886793 0.005335570469798658
0 0.33093396226415095 0.13358221476510065 0.004200471698113207 0.004270134228187919
0 0.3678372641509434 0.11543624161073825 0.003 0.005335570469798658
0 0.36403537735849056 0.11979446308724831 0.0032004716981132077 0.005159395973154362
0 0.37608726415094335 0.24412751677852348 0.0032995283018867924 0.005515939597315437
0 0.34043396226415096 0.3146518456375839 0.0037995283018867924 0.007827181208053691
0 0.3255330188679245 0.2988213087248322 0.0036014150943396227 0.004626677852348993
0 0.3192311320754717 0.2995343959731544 0.0026014150943396226 0.003557046979865772
0 0.3514339622641509 0.3586744966442953 0.0032004716981132077 0.005868288590604027
0 0.5945212264150943 0.3671686241610738 0.003136792452830189 0.005906040268456376
0 0.3419882075471698 0.06863674496644295 0.003941037735849057 0.006560402684563759
0 0.47750707547169813 0.4436577181208054 0.004832547169811321 0.005830536912751678
0 0.6364457547169812 0.6492953020134229 0.0041415094339622635 0.007671979865771812
0 0.6237617924528301 0.638863255033557 0.0046603773584905665 0.008288590604026846